WXSIM - Retrieved Data for Naperville  41.79  88.12  750  16 Mar  2012 10:00a
 
                                                                                                    
16 Mar ---------------------------------------------------------------------------------------      
                                          Friday                                                    
                                                                                                    
  TIME      WEATHER        AIR   DEW   WCF   HT.I  LVL1 W.DIR VST  W.SP SKY  PTOT SN.C THK       TMAX  TMIN                 S.IR VIS   SLP  SWXO UVI  G1HR         TSCD
 
11:00a FAIR-P.C            71.8  55.8  71.8  71.2  61.3  315   83    2   46 0.00  0.0  4537      72.9  71.5                  533  9.3 30.06 -0.1  2.6   12            0
No shower or thunderstorm activity expected...............................................          
11:30a FAIR-P.C            73.6  55.7  73.6  73.0  61.2  315   82    2   48 0.00  0.0  4537      74.8  73.3                  571  9.4 30.06  0.6  3.2   12          100
Showers very unlikely.....................................................................          
12:00p P.-M.CLD            75.3  55.5  75.3  74.6  63.0  315   67    2   66 0.00  0.0  4546      76.8  74.9                  495  9.5 30.05  1.4  3.2   14          201
Showers unlikely..........................................................................          
12:30p M.C.-CLD DRIZZLE    74.7  55.9  74.7  74.2  61.9  181   41    2   89 0.00  0.0  4542      76.1  74.4                  314  8.4 30.05  3.3  2.4   12          303
Scattered thunderstorms possible..........................................................          
 1:00p P.-M.CLD            74.9  56.2  74.9  74.4  63.4  181   70    2   60 0.01  0.0  4550      76.3  74.5                  533  9.7 30.04  2.6  3.5   13          303
 1:30p FAIR-P.C            75.9  56.1  75.9  75.4  64.5  181   82    3   39 0.01  0.0  4554      77.0  75.6                  620  9.8 30.03  2.2  3.8   14          202
Showers unlikely, but could contain lightning if they occur...............................          
 2:00p FAIR-P.C            76.7  56.0  76.7  76.2  65.5  181   85    3   33 0.01  0.0  4559      77.7  76.4                  621  9.9 30.02  2.2  3.6   15          202
 2:30p M.C.-CLD DRIZZLE    76.9  56.0  76.9  76.4  66.0  181   45    3   88 0.01  0.0  4560      78.1  76.5                  311  9.3 30.01  3.8  2.1   15          404
Scattered thunderstorms likely, some heavy or severe......................................          
 3:00p M.C.-CLD DRIZZLE    76.0  56.5  76.0  75.6  65.9  181   45    3   89 0.01  0.0  4562      77.2  75.6                  284  9.4 30.00  4.0  1.7   14          404
 3:30p M.CLOUDY CHNC. SHW  75.5  56.9  75.5  75.2  65.8  181   58    3   73 0.01  0.0  4563      76.7  75.1                  326   10 30.00  3.7  1.5   14          404
 4:00p P.CLOUDY            75.6  56.9  75.6  75.3  65.8  181   77    4   50 0.01  0.0  4560      76.6  75.3                  371   10 30.00  2.8  1.2   15          303
Scattered thunderstorms possible..........................................................          
 4:30p FAIR-P.C            75.7  56.8  75.7  75.3  65.9  181   81    4   43 0.01  0.0  4560      76.5  75.3                  321   10 30.00  2.5  0.9   15          302
Scattered showers or thundershowers possible..............................................          
 5:00p FAIR-P.C            75.2  56.7  75.2  74.9  66.0  181   83    5   41 0.01  0.0  4560      76.0  74.9                  249   11 30.00  2.3  0.6   15          302
 5:30p M.C.-CLD DRIZZLE    74.2  56.6  74.2  73.8  65.7  181   42    5   90 0.01  0.0  4557      74.9  73.9                   87   10 30.00  3.7  0.2   15          404
Scattered thunderstorms likely, some heavy or severe......................................          
 6:00p M.C.-CLD DRIZZLE    72.9  56.9  72.9  72.5  65.5  181   42    4   90 0.01  0.0  4559      73.5  72.6                   48   11 30.00  3.8  0.1   13          404
 6:30p M.CLOUDY CHNC. SHW  71.5  57.1  71.5  71.1  65.7  181   57    4   75 0.01  0.0  4559      71.9  70.9                   21   11 30.00  3.1  0.0   12          303
Scattered thunderstorms possible..........................................................          
 7:00p P.CLOUDY            69.5  57.3  69.5  69.1  65.6  181   77    4   53 0.01  0.0  4555      69.9  68.9                    0   11 30.00  2.2  0.0   11          302
Scattered showers or thundershowers possible..............................................          
 7:30p P.CLOUDY            67.3  57.5  67.3  66.8  65.4  181   82    4   45 0.01  0.0  4552      67.6  66.6                    0   11 30.01  1.7  0.0   11          202
Showers unlikely, but could contain lightning if they occur...............................          
 8:00p FAIR-P.C            65.3  57.5  65.3  64.6  65.0  181   83    5   42 0.01  0.0  4548      65.7  64.6                    0   11 30.02  1.6  0.0   10          202
 8:30p FAIR-P.C            63.8  57.3  63.8  62.9  64.6  181   84    5   39 0.01  0.0  4545      64.1  63.0                    0   11 30.03  1.5  0.0   10          201
Showers unlikely..........................................................................          
 9:00p FAIR-P.C            62.5  57.1  62.5  61.6  64.1  181   84    5   38 0.01  0.0  4542      62.8  61.8                    0   11 30.03  1.4  0.0   10          201
 9:30p FAIR-P.C            61.5  56.8  61.4  60.5  63.7  181   84    6   36 0.01  0.0  4539      61.8  60.8                    0   11 30.04  1.4  0.0   10          201
10:00p FAIR-P.C LIGHT DEW  60.6  56.6  60.3  59.7  63.3  181   84    6   35 0.01  0.0  4537      60.9  60.0                    0   11 30.04  1.4  0.0   11          201
10:30p FAIR-P.C MOD. DEW   59.9  56.4  59.2  59.0  62.9  181   84    7   33 0.01  0.0  4535      60.2  59.3                    0   11 30.04  1.4  0.0   11          201
11:00p FAIR-P.C MOD. DEW   59.3  56.2  58.3  58.3  62.7  181   82    7   33 0.01  0.0  4533      59.5  58.7                    0   11 30.04  1.3  0.0   11          201
11:30p FAIR-P.C HEAVY DEW  58.7  56.0  57.5  57.8  62.5  181   76    7   32 0.01  0.0  4532      58.9  58.2                    0  9.4 30.04  1.3  0.0   12          201
                                                                                                    
17 Mar ---------------------------------------------------------------------------------------      
                                          Saturday                                                  
                                                                                                    
12:00a FAIR-P.C LIGHT FOG  58.2  55.9  56.8  57.4  62.3  181   71    8   32 0.01  0.0  4531      58.4  57.7                    0  7.7 30.05  1.2  0.0   12          201
12:30a FAIR-P.C LIGHT FOG  57.7  55.8  56.1  57.0  62.3  181   68    8   32 0.01  0.0  4531      58.0  57.4                    0  6.3 30.05  1.2  0.0   12          201
 1:00a FAIR-P.C LIGHT FOG  57.4  55.6  55.6  56.7  62.3  181   65    9   31 0.01  0.0  4531      57.6  57.0                    0  5.2 30.05  1.2  0.0   12          201
 1:30a FAIR-P.C LIGHT FOG  57.0  55.4  55.0  56.4  62.3  181   64    9   31 0.01  0.0  4531      57.2  56.7                    0  4.9 30.05  1.2  0.0   13          201
 2:00a FAIR-P.C LIGHT FOG  56.7  55.2  54.6  56.7  62.6  181   63    9   33 0.01  0.0  4531      56.9  56.4                    0  4.3 30.05  1.2  0.0   13          201
 2:30a FAIR-P.C LIGHT FOG  56.4  55.0  54.3  56.4  62.8  181   61    9   34 0.01  0.0  4532      56.6  56.1                    0  3.8 30.04  1.2  0.0   13          201
 3:00a FAIR-P.C LIGHT FOG  56.1  54.8  53.9  56.1  63.1  181   59    9   36 0.01  0.0  4533      56.3  55.7                    0  3.3 30.04  1.2  0.0   12          201
 3:30a FAIR-P.C LIGHT FOG  55.8  54.5  53.6  55.8  63.3  181   57    9   38 0.01  0.0  4534      56.0  55.4                    0  2.9 30.03  1.2  0.0   12          201
 4:00a FAIR-P.C LIGHT FOG  55.5  54.3  53.4  55.5  63.6  181   56    8   40 0.01  0.0  4535      55.7  55.2                    0  2.6 30.03  1.2  0.0   12          201
 4:30a FAIR-P.C LIGHT FOG  55.3  54.1  53.1  55.3  63.8  181   55    8   42 0.01  0.0  4535      55.5  54.9                    0  2.4 30.02  1.2  0.0   11          201
 5:00a FAIR-P.C LIGHT FOG  55.1  53.9  52.9  55.1  63.9  181   54    8   43 0.01  0.0  4535      55.3  54.7                    0  2.2 30.02  1.2  0.0   11          201
 5:30a M.C.-CLD DRIZZLE    55.0  53.8  52.8  55.0  63.1  181   32    8   88 0.01  0.0  4530      55.1  54.6                    0  3.8 30.03  2.0  0.0   11          302
Scattered showers or thundershowers possible..............................................          
 6:00a M.C.-CLD DRIZZLE    55.1  53.9  53.1  55.1  63.4  181   33    8   88 0.01  0.0  4534      55.2  54.7                    0  4.4 30.03  2.0  0.0   11          302
 6:30a M.CLOUDY LIGHT FOG  55.3  54.0  53.3  55.3  64.5  181   42    8   75 0.01  0.0  4539      55.4  54.8                    0  4.0 30.03  1.9  0.0   11          202
Showers unlikely, but could contain lightning if they occur...............................          
 7:00a P.CLOUDY LIGHT FOG  55.2  53.8  53.2  55.2  64.5  181   50    8   55 0.01  0.0  4537      55.4  54.7                    0  2.8 30.04  1.6  0.0   10          202
 7:30a P.CLOUDY LIGHT FOG  55.2  53.8  53.2  55.2  64.4  181   55    8   50 0.01  0.0  4535      55.5  54.7                   31  3.4 30.04  1.4  0.0   10          201
Showers unlikely..........................................................................          
 8:00a P.CLOUDY LIGHT FOG  55.8  54.3  54.0  55.8  64.3  181   61    8   51 0.01  0.0  4534      56.3  55.4                   85  5.3 30.04  1.4  0.1   10          201
 8:30a P.CLOUDY LIGHT FOG  56.9  55.1  55.3  56.9  64.3  181   65    8   53 0.01  0.0  4535      57.5  56.4                  152  7.5 30.04  1.4  0.3   11          201
 9:00a P.CLOUDY HEAVY DEW  58.3  55.9  57.0  57.4  64.3  181   71    8   56 0.01  0.0  4535      59.0  57.8                  235   10 30.04  1.5  0.6   11          201
 9:30a P.CLOUDY HEAVY DEW  60.0  56.8  59.1  59.0  64.2  181   77    8   59 0.01  0.0  4536      61.0  59.6                  323   12 30.04  1.5  1.0   12          202
Showers unlikely, but could contain lightning if they occur...............................          
10:00a P.CLOUDY MOD. DEW   62.2  57.6  61.7  61.2  64.2  181   75    8   62 0.01  0.0  4538      63.3  61.8                  383   11 30.04  1.7  1.3   13          202
10:30a P.CLOUDY LIGHT DEW  64.6  58.1  64.6  63.8  64.3  181   75    8   63 0.01  0.0  4540      65.7  64.2                  437   11 30.03  1.9  1.9   14          202
11:00a P.CLOUDY            67.1  58.6  67.1  66.5  64.3  181   74    8   63 0.01  0.0  4543      68.3  66.7                  484   11 30.03  2.1  2.5   15          202
11:30a P.CLOUDY            69.5  58.7  69.5  69.1  64.4  181   74    8   62 0.01  0.0  4544      70.7  69.1                  523   11 30.03  2.3  3.0   16          302
Scattered showers or thundershowers possible..............................................          
12:00p P.CLOUDY            71.7  58.7  71.7  71.6  64.4  181   74    8   61 0.01  0.0  4546      73.0  71.4                  551   12 30.02  2.4  3.4   18          302
12:30p P.CLOUDY            73.6  58.6  73.6  73.6  64.4  181   74    8   59 0.01  0.0  4548      74.9  73.3                  568   12 30.02  2.5  3.6   19          303
Scattered thunderstorms possible..........................................................          
 1:00p P.CLOUDY            75.1  58.4  75.1  75.2  64.6  181   74    8   58 0.01  0.0  4550      76.5  74.8                  571   12 30.01  2.6  3.7   20          303
 1:30p P.CLOUDY            76.0  58.2  76.0  76.1  65.2  181   75    8   56 0.01  0.0  4554      77.3  75.7                  570   12 29.99  2.7  3.6   20          303
 2:00p P.CLOUDY            76.7  57.9  76.7  76.7  65.7  181   77    9   53 0.01  0.0  4556      77.9  76.3                  564   12 29.98  2.7  3.4   21          303
 2:30p M.C.-CLD DRIZZLE    76.6  57.8  76.6  76.7  65.9  181   42    9   90 0.01  0.0  4555      77.9  76.3                  292   11 29.97  4.2  2.0   21          504
Numerous thunderstorms likely, some heavy or severe.......................................          
 3:00p M.C.-CLD DRIZZLE    75.3  58.3  75.3  75.3  65.5  181   43    8   89 0.02  0.0  4556      76.5  74.9                  273   11 29.97  4.3  1.6   19          504
 3:30p M.CLOUDY CHNC. SHW  74.4  58.6  74.4  74.5  65.3  181   59    8   73 0.02  0.0  4555      75.7  74.1                  335   12 29.96  3.7  1.5   19          404
Scattered thunderstorms likely, some heavy or severe......................................          
 4:00p P.CLOUDY            74.6  58.4  74.6  74.6  65.3  181   79    9   47 0.02  0.0  4552      75.5  74.2                  387   12 29.96  2.6  1.3   20          303
Scattered thunderstorms possible..........................................................          
 4:30p FAIR-P.C            74.6  58.2  74.6  74.5  65.3  181   85    9   36 0.02  0.0  4551      75.3  74.3                  341   12 29.96  2.3  0.9   20          302
Scattered showers or thundershowers possible..............................................          
 5:00p FAIR-P.C            74.2  57.8  74.2  74.0  65.4  181   87    9   31 0.02  0.0  4551      74.8  73.9                  267   12 29.96  2.1  0.6   20          202
Showers unlikely, but could contain lightning if they occur...............................          
 5:30p M.C.-CLD DRIZZLE    73.3  57.6  73.3  73.0  64.9  181   46    9   86 0.02  0.0  4548      74.0  72.9                   97   12 29.96  3.5  0.2   19          404
Scattered thunderstorms likely, some heavy or severe......................................          
 6:00p M.C.-CLD DRIZZLE    72.1  57.7  72.1  71.8  64.9  181   46    8   86 0.02  0.0  4549      72.7  71.7                   55   12 29.96  3.6  0.1   17          404
 6:30p P.-M.CLD CHNC. SHW  70.7  57.8  70.7  70.4  65.4  181   63    7   67 0.02  0.0  4550      71.1  70.2                   25   12 29.96  2.9  0.0   16          303
Scattered thunderstorms possible..........................................................          
 7:00p FAIR-P.C            68.8  57.8  68.8  68.3  65.3  181   83    7   37 0.02  0.0  4547      69.1  68.2                    0   12 29.96  1.9  0.0   14          202
Showers unlikely, but could contain lightning if they occur...............................          
 7:30p FAIR-P.C            66.5  57.9  66.5  65.9  65.0  181   87    7   28 0.02  0.0  4543      66.8  66.0                    0   12 29.96  1.5  0.0   13          202
 8:00p FAIR-P.C            64.5  57.7  64.5  63.7  64.5  181   88    7   29 0.02  0.0  4538      64.8  64.0                    0   12 29.97  1.3  0.0   12          201
Showers unlikely..........................................................................          
 8:30p FAIR-P.C            62.9  57.3  62.9  62.0  64.0  181   86    7   34 0.02  0.0  4535      63.3  62.4                    0   12 29.97  1.2  0.0   12          201
 9:00p FAIR-P.C LIGHT DEW  61.7  56.9  61.4  60.7  63.5  181   85    7   39 0.02  0.0  4531      62.0  61.1                    0   12 29.98  1.2  0.0   11          201
 9:30p P.CLOUDY MOD. DEW   60.7  56.6  60.2  59.7  63.1  181   82    7   45 0.02  0.0  4528      61.0  60.1                    0   12 29.98  1.1  0.0   11          201
10:00p P.CLOUDY MOD. DEW   59.8  56.2  59.1  58.9  62.6  181   80    7   51 0.02  0.0  4525      60.1  59.3                    0   12 29.98  1.1  0.0   11          201
10:30p P.CLOUDY HEAVY DEW  59.2  55.9  58.2  58.3  62.2  181   78    7   55 0.02  0.0  4523      59.5  58.6                    0   12 29.98  1.1  0.0   11          201
11:00p P.CLOUDY HEAVY DEW  58.6  55.7  57.5  57.8  61.8  181   75    7   59 0.02  0.0  4521      58.9  58.0                    0   11 29.98  1.1  0.0   11          201
11:30p M.C.-CLD DRIZZLE    58.1  55.5  56.9  57.4  60.7  181   38    7   94 0.02  0.0  4515      58.3  57.8                    0   10 29.98  1.7  0.0   12          202
Showers unlikely, but could contain lightning if they occur...............................          
                                                                                                    
18 Mar ---------------------------------------------------------------------------------------      
                                          Sunday                                                    
                                                                                                    
12:00a M.C.-CLD DRIZZLE    58.1  55.6  56.8  57.3  60.7  181   37    7   95 0.02  0.0  4518      58.2  57.7                    0  9.9 29.99  1.8  0.0   12          302
Scattered showers or thundershowers possible..............................................          
12:30a M.C.-CLD HEAVY DEW  58.0  55.7  56.7  57.3  61.3  181   43    8   87 0.02  0.0  4521      58.2  57.6                    0  9.6 29.99  1.8  0.0   12          202
Showers unlikely, but could contain lightning if they occur...............................          
 1:00a P.-M.CLD HEAVY DEW  57.8  55.6  56.4  57.1  61.0  181   54    8   76 0.02  0.0  4518      58.0  57.3                    0  8.5 29.99  1.6  0.0   12          202
 1:30a P.-M.CLD HEAVY DEW  57.6  55.3  56.1  56.9  60.7  181   57    8   74 0.02  0.0  4515      57.8  57.1                    0  8.7 29.99  1.5  0.0   12          201
Showers unlikely..........................................................................          
 2:00a P.-M.CLD HEAVY DEW  57.3  55.1  55.8  56.7  60.4  181   57    8   74 0.02  0.0  4513      57.5  56.9                    0  8.4 30.00  1.4  0.0   12          201
 2:30a CLOUDY   LIGHT RAI  57.0  55.0  55.4  56.5  59.3  181   30    8   96 0.03  0.0  4507      57.1  56.7                    0  7.0 30.00  2.0  0.0   13          302
Scattered showers or thundershowers possible..............................................          
 3:00a CLOUDY   LIGHT RAI  57.1  54.9  55.5  56.6  59.7  205   31    8   96 0.04  0.0  4513      57.2  56.8                    0  7.7 30.00  2.0  0.0   12          302
 3:30a M.C.-CLD HEAVY DEW  57.5  54.9  55.9  56.9  61.1  205   41    8   90 0.04  0.0  4521      57.6  57.0                    0   10 30.00  2.1  0.0   12          302
 4:00a M.CLOUDY HEAVY DEW  57.8  54.8  56.3  57.2  61.0  205   56    8   81 0.04  0.0  4518      58.0  57.3                    0   11 30.00  2.0  0.0   12          202
Showers unlikely, but could contain lightning if they occur...............................          
 4:30a M.CLOUDY HEAVY DEW  57.9  54.6  56.5  57.3  60.8  205   62    8   78 0.04  0.0  4516      58.1  57.4                    0   11 30.00  1.9  0.0   12          202
 5:00a P.-M.CLD HEAVY DEW  58.0  54.4  56.6  57.4  60.6  205   63    8   76 0.04  0.0  4516      58.2  57.4                    0   12 30.00  1.9  0.0   12          202
 5:30a P.-M.CLD HEAVY DEW  58.0  54.2  56.6  57.4  60.5  205   63    8   74 0.04  0.0  4515      58.2  57.4                    0   12 30.01  1.9  0.0   12          202
 6:00a P.-M.CLD HEAVY DEW  58.0  54.0  56.7  57.5  60.4  205   63    7   73 0.04  0.0  4515      58.2  57.4                    0   12 30.01  1.9  0.0   12          202
 6:30a P.-M.CLD HEAVY DEW  57.9  53.8  56.7  57.4  60.3  205   63    7   72 0.04  0.0  4514      58.1  57.4                    0   12 30.02  2.0  0.0   12          202
 7:00a P.-M.CLD HEAVY DEW  57.9  53.6  56.7  57.4  60.3  205   63    7   71 0.04  0.0  4514      58.1  57.3                    0   12 30.03  2.0  0.0   12          202
 7:30a P.-M.CLD HEAVY DEW  58.1  53.5  57.0  57.6  60.5  205   68    7   56 0.04  0.0  4516      58.5  57.5                   41   12 30.04  1.8  0.0   11          202
 8:00a P.CLOUDY HEAVY DEW  59.1  53.7  58.2  58.6  60.4  205   71    7   52 0.04  0.0  4516      59.7  58.6                  102   12 30.04  1.8  0.1   12          202
 8:30a P.CLOUDY HEAVY DEW  60.7  54.0  60.0  60.2  60.4  205   74    7   48 0.04  0.0  4518      61.4  60.3                  176   12 30.05  1.9  0.4   13          202
 9:00a P.CLOUDY HEAVY DEW  62.7  54.3  62.3  62.2  60.5  205   77    8   44 0.04  0.0  4520      63.5  62.4                  255   12 30.05  1.9  0.7   15          202
 9:30a P.CLOUDY LIGHT DEW  65.2  54.6  65.1  64.6  60.6  205   79    8   39 0.04  0.0  4523      65.9  64.9                  338   12 30.06  2.0  1.1   17          202
10:00a FAIR-P.C            67.8  54.9  67.8  67.2  60.9  205   81    9   35 0.04  0.0  4527      68.6  67.5                  419   12 30.06  2.1  1.6   18          202
10:30a FAIR-P.C            70.5  55.1  70.5  69.8  61.3  205   83    9   33 0.04  0.0  4531      71.3  70.2                  488   12 30.06  2.2  2.3   20          202
11:00a FAIR-P.C            72.9  55.2  72.9  72.2  61.9  205   83   10   32 0.04  0.0  4536      73.7  72.6                  547   12 30.06  2.3  3.0   22          202
11:30a FAIR-P.C            74.8  55.2  74.8  74.1  63.0  205   84   10   31 0.04  0.0  4544      75.7  74.5                  595   12 30.05  2.3  3.6   22          302
Scattered showers or thundershowers possible..............................................          
12:00p FAIR-P.C            76.6  55.1  76.6  75.9  64.3  205   84   10   30 0.04  0.0  4551      77.5  76.4                  631   12 30.04  2.4  4.1   23          302
12:30p FAIR-P.C            77.9  55.0  77.9  77.3  65.5  205   85   10   29 0.04  0.0  4559      78.8  77.7                  655   12 30.03  2.5  4.4   23          302
 1:00p FAIR-P.C            79.0  54.8  79.0  78.4  67.1  205   86   10   28 0.04  0.0  4568      79.9  78.8                  665   12 30.02  2.5  4.5   23          302
 1:30p FAIR-P.C            79.9  54.6  79.9  79.3  67.7  205   87   11   24 0.04  0.0  4572      80.6  79.6                  670   13 30.01  2.5  4.4   23          302
 2:00p M.SUNNY             80.5  54.5  80.5  79.9  68.4  205   89   11   20 0.04  0.0  4576      81.2  80.3                  661   13 29.99  2.4  4.2   23          302
 2:30p SUNNY               81.0  54.3  81.0  80.5  69.0  205   91   11   16 0.04  0.0  4580      81.6  80.8                  636   13 29.98  2.4  3.7   23          302
 3:00p SUNNY               81.5  54.1  81.5  80.9  69.5  205   92   11   11 0.04  0.0  4582      82.0  81.3                  594   13 29.97  2.3  3.1   23          202
Showers unlikely, but could contain lightning if they occur...............................          
 3:30p CLEAR               81.8  53.9  81.8  81.3  69.9  205   94   11    7 0.04  0.0  4585      82.3  81.7                  537   13 29.97  2.2  2.4   23          202
 4:00p CLEAR               82.1  53.7  82.1  81.6  70.2  205   94   11    2 0.04  0.0  4586      82.6  82.0                  467   13 29.96  2.1  1.7   23          202
 4:30p CLEAR               82.0  53.5  82.0  81.4  70.5  205   94   10    3 0.04  0.0  4587      82.5  81.9                  383   13 29.96  2.0  1.2   23          202
 5:00p CLEAR               81.5  53.4  81.5  80.8  70.5  205   94   10    5 0.04  0.0  4587      81.9  81.4                  293   14 29.96  2.0  0.7   22          202
 5:30p CLEAR               80.4  53.3  80.4  79.5  70.1  205   94    9    7 0.04  0.0  4585      80.8  80.3                  202   14 29.96  1.9  0.4   21          202
 6:00p CLEAR               78.9  53.2  78.9  77.8  69.4  205   93    8    9 0.04  0.0  4580      79.3  78.6                  115   14 29.97  1.8  0.1   20          202
 6:30p SUNNY               76.9  53.1  76.9  75.7  68.5  205   93    8   11 0.04  0.0  4574      77.2  76.5                   40   14 29.97  1.7  0.0   18          202
 7:00p CLR-FAIR            74.4  53.1  74.4  73.2  67.6  205   92    7   12 0.04  0.0  4568      74.7  73.9                    0   13 29.97  1.5  0.0   16          201
Showers unlikely..........................................................................          
 7:30p CLR-FAIR            71.7  53.1  71.7  70.7  66.6  205   92    6   12 0.04  0.0  4561      72.1  71.2                    0   13 29.98  1.3  0.0   14          201
 8:00p CLEAR               69.2  53.2  69.2  68.4  65.5  205   93    6   10 0.04  0.0  4555      69.6  68.7                    0   13 29.98  1.2  0.0   14          100
Showers very unlikely.....................................................................          
 8:30p CLEAR               67.0  53.2  67.0  66.4  64.6  205   93    6    8 0.04  0.0  4550      67.3  66.4                    0   13 29.99  1.1  0.0   13          100
 9:00p CLEAR               65.0  53.3  65.0  64.5  63.9  205   93    6    6 0.04  0.0  4545      65.3  64.4                    0   13 30.00  1.0  0.0   12          100
 9:30p CLEAR               63.2  53.4  63.2  62.8  63.3  205   94    6    4 0.04  0.0  4541      63.6  62.7                    0   13 30.00  0.9  0.0   12          100
10:00p CLEAR               61.9  53.4  61.7  61.4  62.8  205   94    6    1 0.04  0.0  4538      62.2  61.3                    0   12 30.00  0.8  0.0   12          100
10:30p CLEAR               60.7  53.3  60.3  60.3  62.5  205   94    7    2 0.04  0.0  4537      61.1  60.1                    0   12 30.00  0.7  0.0   11          100
11:00p CLEAR    LIGHT DEW  59.8  53.2  59.1  59.3  62.2  205   93    7    3 0.04  0.0  4536      60.1  59.2                    0   12 30.00  0.6  0.0   11          100
11:30p CLEAR    LIGHT DEW  58.9  53.1  58.0  58.5  61.8  205   93    7    4 0.04  0.0  4535      59.3  58.4                    0   12 30.00  0.5  0.0   11          100
                                                                                                    
19 Mar ---------------------------------------------------------------------------------------      
                                          Monday                                                    
                                                                                                    
12:00a CLEAR    MOD. DEW   58.2  53.0  57.1  57.8  61.3  205   93    7    5 0.04  0.0  4534      58.6  57.7                    0   12 30.00  0.4  0.0   11          100
12:30a CLEAR    MOD. DEW   57.6  52.8  56.3  57.3  60.9  205   93    7    6 0.04  0.0  4534      57.9  57.1                    0   12 30.00  0.3  0.0   11          100
 1:00a CLEAR    HEAVY DEW  57.1  52.7  55.6  56.8  60.5  205   92    7    7 0.04  0.0  4533      57.4  56.5                    0   12 30.00  0.2  0.0   12          100
 1:30a CLEAR    HEAVY DEW  56.6  52.5  55.0  56.6  60.3  205   92    7   10 0.04  0.0  4532      56.9  56.1                    0   12 30.01  0.1  0.0   12          100
 2:00a CLR-FAIR HEAVY DEW  56.2  52.3  54.6  56.2  60.2  205   91    7   14 0.04  0.0  4531      56.5  55.6                    0   12 30.01  0.0  0.0   11          100
 2:30a CLR-FAIR HEAVY DEW  55.8  52.1  54.2  55.8  60.2  205   90    7   17 0.04  0.0  4531      56.1  55.2                    0   12 30.01 -0.1  0.0   11            0
No shower or thunderstorm activity expected...............................................          
 3:00a FAIR     HEAVY DEW  55.5  51.9  53.8  55.5  60.1  205   90    7   21 0.04  0.0  4530      55.8  54.8                    0   12 30.01 -0.1  0.0   11            0
 3:30a FAIR     HEAVY DEW  55.1  51.7  53.5  55.1  60.0  205   89    7   25 0.04  0.0  4529      55.5  54.5                    0   12 30.01 -0.2  0.0   10            0
 4:00a FAIR     HEAVY DEW  54.8  51.5  53.2  54.8  59.9  205   88    6   28 0.04  0.0  4528      55.2  54.1                    0   12 30.01 -0.3  0.0   10            0
 4:30a FAIR-P.C HEAVY DEW  54.6  51.3  53.0  54.6  59.7  205   87    6   30 0.04  0.0  4527      54.9  53.9                    0   12 30.01 -0.3  0.0   10            0
 5:00a FAIR-P.C HEAVY DEW  54.3  51.2  52.7  54.3  59.5  205   86    6   31 0.04  0.0  4525      54.6  53.6                    0   12 30.01 -0.3  0.0   10            0
 5:30a FAIR-P.C HEAVY DEW  54.1  51.0  52.5  54.1  59.3  205   84    6   33 0.04  0.0  4524      54.4  53.4                    0   11 30.02 -0.3  0.0   10            0
 6:00a FAIR-P.C HEAVY DEW  53.9  50.8  52.2  53.9  59.1  205   83    6   34 0.04  0.0  4523      54.2  53.2                    0   11 30.02 -0.4  0.0   10            0
 6:30a FAIR-P.C HEAVY DEW  53.7  50.7  52.1  53.7  58.9  205   82    6   36 0.04  0.0  4521      54.1  53.0                    0   11 30.03 -0.4  0.0   10            0
 7:00a P.CLOUDY HEAVY DEW  53.6  50.6  51.9  53.6  58.8  205   80    6   37 0.04  0.0  4520      53.9  52.9                    1   11 30.04 -0.4  0.0    9            0
 7:30a P.CLOUDY HEAVY DEW  53.9  50.6  52.2  53.9  58.7  205   79    6   42 0.04  0.0  4519      54.3  53.2                   50   11 30.04 -0.4  0.0   10            0
 8:00a P.CLOUDY HEAVY DEW  55.1  51.0  53.5  55.1  58.7  205   77    7   48 0.04  0.0  4519      55.6  54.4                  114   11 30.05 -0.3  0.2   11            0
 8:30a P.CLOUDY DRIZZLE    56.8  51.4  55.4  56.8  58.1  205   70    7   57 0.04  0.0  4517      57.5  56.2                  170   11 30.05 -0.3  0.5   12            0
 9:00a P.CLOUDY DRIZZLE    59.1  52.0  58.0  58.8  58.6  205   69    7   61 0.04  0.0  4520      59.9  58.6                  235   11 30.05 -0.1  0.8   13          100
Showers very unlikely.....................................................................          
 9:30a P.-M.CLD MOD. DEW   62.1  52.5  61.5  61.7  59.7  205   71    8   65 0.04  0.0  4527      63.0  61.6                  307   11 30.06  0.0  1.3   15          100
10:00a P.-M.CLD            64.9  52.8  64.9  64.4  59.9  205   69    8   70 0.04  0.0  4529      66.0  64.4                  358   12 30.06  0.2  1.7   16          100
10:30a P.-M.CLD            67.5  53.1  67.5  66.9  60.3  205   68    8   72 0.04  0.0  4532      68.7  67.1                  408   12 30.06  0.4  2.4   18          100
11:00a P.-M.CLD            70.0  53.2  70.0  69.1  60.7  205   69    9   73 0.04  0.0  4536      71.2  69.6                  455   12 30.05  0.7  3.1   20          100
11:30a P.-M.CLD DRIZZLE    72.1  53.3  72.1  71.1  61.1  205   67    9   73 0.04  0.0  4539      73.4  71.7                  480   12 30.05  0.9  3.6   21          100
12:00p P.-M.CLD DRIZZLE    74.1  53.3  74.1  73.0  62.2  205   67   10   74 0.04  0.0  4546      75.5  73.7                  506   12 30.04  1.1  4.0   22          201
Showers unlikely..........................................................................          
12:30p P.-M.CLD            75.9  53.3  75.9  74.8  63.9  205   69   10   75 0.04  0.0  4555      77.3  75.5                  536   12 30.03  1.4  4.4   23          201
 1:00p P.-M.CLD            77.2  53.2  77.2  76.0  64.9  205   69   10   75 0.04  0.0  4561      78.5  76.8                  541   12 30.01  1.7  4.4   23          202
Showers unlikely, but could contain lightning if they occur...............................          
 1:30p P.-M.CLD            78.1  53.0  78.1  77.0  66.5  205   70   11   74 0.04  0.0  4569      79.4  77.7                  542   12 30.00  2.1  4.4   23          202
 2:00p P.-M.CLD            78.8  52.8  78.8  77.7  66.9  205   71   11   73 0.04  0.0  4571      80.1  78.4                  533   13 29.99  2.6  4.1   23          303
Scattered thunderstorms possible..........................................................          
 2:30p P.-M.CLD DRIZZLE    78.8  52.8  78.8  77.7  67.0  205   65   11   73 0.05  0.0  4571      80.1  78.4                  458   12 29.97  3.1  3.4   24          303
 3:00p P.-M.CLD DRIZZLE    78.0  53.3  78.0  77.0  66.9  205   65   11   72 0.05  0.0  4571      79.2  77.6                  422   12 29.96  3.3  2.8   23          403
Scattered thunderstorms likely............................................................          
 3:30p P.CLOUDY            77.8  53.6  77.8  76.8  67.0  205   74   12   67 0.05  0.0  4572      78.9  77.4                  432   13 29.96  3.2  2.4   23          403
 4:00p P.CLOUDY            78.1  53.3  78.1  77.0  67.2  205   75   12   66 0.05  0.0  4571      79.1  77.7                  376   13 29.95  3.3  1.7   24          403
 4:30p P.CLOUDY            78.1  53.1  78.1  77.0  67.4  205   76   12   65 0.05  0.0  4572      79.0  77.7                  313   13 29.95  3.3  1.2   24          403
 5:00p P.CLOUDY            77.7  52.9  77.7  76.5  67.5  205   77   11   63 0.05  0.0  4572      78.5  77.4                  243   13 29.95  3.2  0.8   23          403
 5:30p P.-M.CLD DRIZZLE    76.9  52.7  76.9  75.7  66.8  205   69   11   69 0.05  0.0  4569      77.6  76.5                  152   13 29.95  3.3  0.4   22          403
 6:00p P.-M.CLD DRIZZLE    76.0  52.7  76.0  74.7  65.9  161   69   10   68 0.05  0.0  4565      76.6  75.6                   88   13 29.95  2.7  0.1   22          303
Scattered thunderstorms possible..........................................................          
 6:30p P.CLOUDY            74.6  53.0  74.6  73.4  65.7  161   79   10   60 0.05  0.0  4563      75.0  74.2                   36   14 29.96  2.7  0.0   20          303
 7:00p P.CLOUDY            72.4  53.2  72.4  71.4  65.2  161   80    9   58 0.05  0.0  4558      72.7  72.1                    0   13 29.96  2.4  0.0   19          302
Scattered showers or thundershowers possible..............................................          
 7:30p P.CLOUDY            70.1  53.4  70.1  69.3  64.5  161   81    9   56 0.05  0.0  4553      70.3  69.6                    0   13 29.96  2.0  0.0   18          302
 8:00p P.CLOUDY            67.9  53.7  67.9  67.2  63.7  161   83    9   54 0.05  0.0  4548      68.1  67.5                    0   13 29.97  1.5  0.0   17          202
Showers unlikely, but could contain lightning if they occur...............................          
 8:30p P.CLOUDY            65.9  54.0  65.9  65.3  63.1  161   84    9   52 0.05  0.0  4544      66.2  65.6                    0   13 29.97  0.9  0.0   16          201
Showers unlikely..........................................................................          
 9:00p FAIR-P.C            64.1  54.3  63.7  63.6  62.5  161   85    9   50 0.05  0.0  4541      64.4  63.8                    0   13 29.98  0.3  0.0   16          100
Showers very unlikely.....................................................................          
 9:30p FAIR-P.C            62.6  54.6  61.8  62.0  62.0  161   86    9   47 0.05  0.0  4537      62.9  62.3                    0   13 29.98 -0.4  0.0   16            0
No shower or thunderstorm activity expected...............................................          
10:00p FAIR-P.C            61.4  54.7  60.2  60.8  61.6  161   87   10   45 0.05  0.0  4535      61.6  61.1                    0   13 29.98 -1.0  0.0   15            0
10:30p FAIR-P.C LIGHT DEW  60.3  54.7  58.9  59.7  61.4  161   87   10   44 0.05  0.0  4533      60.6  60.0                    0   13 29.98 -1.4  0.0   15            0
11:00p FAIR-P.C LIGHT DEW  59.5  54.7  57.8  58.8  61.3  161   87   10   44 0.05  0.0  4531      59.7  59.2                    0   12 29.98 -1.3  0.0   15            0
11:30p FAIR-P.C MOD. DEW   58.7  54.6  56.9  58.1  61.2  161   87   10   44 0.05  0.0  4530      59.0  58.4                    0   12 29.99 -1.3  0.0   15            0
                                                                                                    
20 Mar ---------------------------------------------------------------------------------------      
                                          Tuesday                                                   
                                                                                                    
12:00a FAIR-P.C MOD. DEW   58.0  54.5  56.0  57.4  61.0  161   87   10   44 0.05  0.0  4528      58.3  57.7                    0   12 29.99 -1.3  0.0   14            0
12:30a FAIR-P.C HEAVY DEW  57.4  54.4  55.2  56.9  61.0  161   87   10   44 0.05  0.0  4527      57.7  57.1                    0   12 30.00 -1.2  0.0   14            0
 1:00a FAIR-P.C HEAVY DEW  56.9  54.2  54.6  56.9  61.0  161   83   10   44 0.05  0.0  4526      57.1  56.6                    0   12 30.00 -1.2  0.0   14            0
 1:30a FAIR-P.C HEAVY DEW  56.4  54.0  53.9  56.4  61.0  161   80   10   43 0.05  0.0  4526      56.6  56.1                    0   11 30.00 -1.1  0.0   14            0
 2:00a FAIR-P.C HEAVY DEW  55.9  53.8  53.4  55.9  61.2  161   77   10   41 0.05  0.0  4525      56.1  55.6                    0  9.6 30.00 -1.1  0.0   14            0
 2:30a FAIR     LIGHT FOG  55.5  53.5  53.0  55.5  61.4  161   75   10   40 0.05  0.0  4525      55.7  55.2                    0  8.5 30.00 -1.0  0.0   13            0
 3:00a FAIR     LIGHT FOG  55.1  53.3  52.6  55.1  61.5  161   72    9   38 0.05  0.0  4525      55.3  54.8                    0  7.4 30.00 -1.0  0.0   13            0
 3:30a FAIR     LIGHT FOG  54.7  53.0  52.2  54.7  61.7  161   70    9   37 0.05  0.0  4525      55.0  54.5                    0  6.5 30.00 -1.0  0.0   13            0
 4:00a FAIR     LIGHT FOG  54.4  52.8  51.8  54.4  61.8  161   68    9   36 0.05  0.0  4524      54.6  54.1                    0  5.6 30.00 -1.0  0.0   12            0
 4:30a FAIR     LIGHT FOG  54.1  52.6  51.5  54.1  61.9  161   66    9   37 0.05  0.0  4524      54.3  53.8                    0  4.9 30.00 -0.9  0.0   12            0
 5:00a FAIR-P.C LIGHT FOG  53.8  52.4  51.1  53.8  62.0  161   64    9   38 0.05  0.0  4523      54.0  53.4                    0  4.5 30.00 -0.8  0.0   12            0
 5:30a FAIR-P.C LIGHT FOG  53.5  52.2  50.8  53.5  62.0  161   63    9   40 0.05  0.0  4522      53.7  53.2                    0  4.1 30.00 -0.8  0.0   12            0
 6:00a FAIR-P.C LIGHT FOG  53.2  51.9  50.4  53.2  62.1  161   62    9   41 0.05  0.0  4522      53.4  52.9                    0  3.8 30.01 -0.8  0.0   12            0
 6:30a FAIR-P.C LIGHT FOG  53.0  51.7  50.2  53.0  62.1  161   61    9   43 0.05  0.0  4521      53.2  52.7                    0  3.6 30.01 -0.7  0.0   12            0
 7:00a FAIR-P.C LIGHT FOG  52.8  51.5  49.9  52.8  62.2  161   60    9   45 0.05  0.0  4520      53.0  52.4                    2  3.5 30.02 -0.7  0.0   12            0
 7:30a FAIR-P.C LIGHT FOG  52.9  51.7  50.0  52.9  62.3  161   62    9   47 0.05  0.0  4520      53.2  52.5                   42  4.2 30.03 -0.6  0.0   12            0
 8:00a FAIR-P.C LIGHT FOG  53.6  52.3  50.8  53.6  62.4  161   65    9   49 0.05  0.0  4520      54.0  53.3                   99  5.1 30.03 -0.3  0.2   12          100
Showers very unlikely.....................................................................          
 8:30a FAIR-P.C LIGHT FOG  54.6  53.2  52.0  54.6  62.5  161   68    9   52 0.05  0.0  4520      55.2  54.3                  168  6.5 30.04 -0.1  0.5   13          100
 9:00a FAIR-P.C HEAVY DEW  56.0  54.1  53.6  56.0  62.6  161   72   10   54 0.05  0.0  4521      56.7  55.7                  249  8.6 30.04  0.1  0.9   13          100
 9:30a FAIR-P.C HEAVY DEW  57.8  55.1  55.7  57.1  62.7  161   79   10   57 0.05  0.0  4522      58.5  57.4                  344   11 30.05  0.4  1.4   14          100
10:00a P.CLOUDY HEAVY DEW  59.9  55.9  58.2  59.0  62.9  161   83   10   59 0.05  0.0  4523      60.8  59.5                  438   12 30.05  0.6  2.1   15          100
10:30a P.CLOUDY MOD. DEW   62.3  56.6  61.2  61.5  63.0  161   84   11   59 0.05  0.0  4525      63.3  62.0                  504   12 30.05  0.7  2.9   16          100
11:00a P.CLOUDY LIGHT DEW  64.8  57.1  64.2  64.1  63.2  161   84   11   57 0.05  0.0  4528      65.8  64.5                  563   12 30.05  0.8  3.7   18          201
Showers unlikely..........................................................................          
11:30a FAIR-P.C            67.2  57.1  67.2  66.7  63.4  161   85   12   56 0.05  0.0  4531      68.2  66.9                  611   12 30.04  0.9  4.3   20          201
12:00p FAIR-P.C            69.7  57.1  69.7  69.3  63.7  161   85   12   54 0.05  0.0  4534      70.7  69.4                  646   12 30.04  1.1  4.9   21          201
12:30p FAIR-P.C            71.9  57.0  71.9  71.5  64.0  161   85   13   53 0.05  0.0  4537      72.9  71.6                  668   12 30.02  1.2  5.2   23          201
 1:00p FAIR-P.C            73.8  56.8  73.8  73.4  64.3  161   86   13   51 0.05  0.0  4540      74.8  73.5                  675   12 30.01  1.2  5.3   24          201
 1:30p P.CLOUDY            75.1  56.4  75.1  74.7  64.7  161   84   13   54 0.05  0.0  4544      76.1  74.8                  657   13 30.00  1.4  5.1   25          201
 2:00p P.CLOUDY            75.8  56.1  75.8  75.3  65.4  161   82   13   59 0.05  0.0  4548      76.9  75.5                  620   13 29.99  1.5  4.7   25          202
Showers unlikely, but could contain lightning if they occur...............................          
 2:30p P.CLOUDY            76.3  55.7  76.3  75.7  65.9  161   80   13   63 0.05  0.0  4551      77.4  75.9                  570   13 29.99  1.7  4.1   25          202
 3:00p P.CLOUDY            76.6  55.4  76.6  76.0  66.4  161   78   13   66 0.05  0.0  4554      77.7  76.2                  510   13 29.98  1.9  3.3   25          302
Scattered showers or thundershowers possible..............................................          
 3:30p P.CLOUDY            76.7  55.1  76.7  76.1  66.7  161   75   13   70 0.05  0.0  4555      77.8  76.4                  442   13 29.98  2.0  2.5   24          302
 4:00p P.-M.CLD            76.7  54.9  76.7  75.9  66.8  161   73   13   73 0.05  0.0  4556      77.7  76.3                  368   13 29.98  2.2  1.7   24          302
 4:30p P.-M.CLD            76.2  54.7  76.2  75.4  66.8  161   72   13   75 0.05  0.0  4556      77.2  75.9                  299   13 29.98  2.3  1.2   24          302
 5:00p P.-M.CLD            75.5  54.6  75.5  74.7  66.7  161   71   12   76 0.05  0.0  4556      76.4  75.2                  230   13 29.98  2.1  0.8   23          302
 5:30p P.-M.CLD            74.5  54.5  74.5  73.6  66.6  161   71   12   78 0.05  0.0  4555      75.2  74.1                  159   13 29.98  1.9  0.4   22          302
 6:00p P.-M.CLD            73.2  54.4  73.2  72.4  66.5  161   70   11   80 0.05  0.0  4554      73.8  72.8                   92   14 29.98  1.8  0.2   21          202
Showers unlikely, but could contain lightning if they occur...............................          
 6:30p P.-M.CLD            71.6  54.4  71.6  70.8  66.3  161   70   10   81 0.05  0.0  4553      72.0  71.2                   34   13 29.99  1.6  0.0   19          202
 7:00p P.-M.CLD            69.6  54.5  69.6  69.0  66.1  161   69   10   83 0.05  0.0  4551      69.9  69.3                    0   13 29.99  1.4  0.0   17          201
Showers unlikely..........................................................................          
 7:30p P.-M.CLD            67.5  54.6  67.5  66.9  65.8  161   71    9   80 0.05  0.0  4548      67.8  67.2                    0   13 29.99  1.2  0.0   16          201
 8:00p P.CLOUDY            65.5  54.8  65.4  65.0  65.4  161   75    9   74 0.05  0.0  4545      65.8  65.2                    0   13 30.00  1.0  0.0   15          201
 8:30p P.CLOUDY            63.7  55.0  63.2  63.1  65.0  161   79    9   67 0.05  0.0  4542      64.0  63.3                    0   13 30.00  0.9  0.0   14          201
 9:00p P.CLOUDY            62.2  55.0  61.4  61.5  64.8  161   82    9   60 0.05  0.0  4540      62.4  61.7                    0   13 30.00  0.7  0.0   14          100
Showers very unlikely.....................................................................          
 9:30p FAIR-P.C            60.9  54.9  59.9  60.3  64.6  161   85    9   51 0.05  0.0  4538      61.2  60.5                    0   13 30.00  0.6  0.0   13          100
10:00p FAIR-P.C LIGHT DEW  59.8  54.8  58.6  59.2  64.5  161   88    9   42 0.05  0.0  4536      60.1  59.4                    0   13 30.00  0.6  0.0   12          100
10:30p FAIR-P.C LIGHT DEW  58.9  54.6  57.5  58.3  64.4  161   88    8   41 0.05  0.0  4535      59.2  58.5                    0   12 30.01  0.5  0.0   12          100
11:00p FAIR-P.C MOD. DEW   58.1  54.3  56.6  57.6  64.4  161   87    8   44 0.05  0.0  4534      58.4  57.7                    0   12 30.01  0.6  0.0   12          100
11:30p FAIR-P.C MOD. DEW   57.4  54.1  55.8  57.0  64.4  161   86    8   47 0.05  0.0  4533      57.7  56.9                    0   12 30.01  0.6  0.0   11          100
                                                                                                    
21 Mar ---------------------------------------------------------------------------------------      
                                          Wednesday                                                 
                                                                                                    
12:00a FAIR-P.C HEAVY DEW  56.8  53.8  55.1  56.8  64.4  161   85    8   50 0.05  0.0  4532      57.1  56.3                    0   12 30.01  0.6  0.0   11          100
12:30a FAIR-P.C HEAVY DEW  56.3  53.5  54.5  56.3  64.4  161   80    8   53 0.05  0.0  4531      56.6  55.8                    0   12 30.02  0.7  0.0   11          100
 1:00a P.CLOUDY HEAVY DEW  55.8  53.3  53.9  55.8  64.5  161   76    8   55 0.05  0.0  4530      56.1  55.3                    0   11 30.02  0.7  0.0   11          100
 1:30a P.CLOUDY HEAVY DEW  55.4  53.0  53.5  55.4  64.6  161   70    8   64 0.05  0.0  4530      55.7  54.9                    0  9.9 30.02  0.8  0.0   10          100
 2:00a P.-M.CLD HEAVY DEW  55.1  52.8  53.3  55.1  64.7  161   64    7   73 0.05  0.0  4529      55.4  54.6                    0  9.4 30.03  0.9  0.0   10          201
Showers unlikely..........................................................................          
 2:30a P.-M.CLD HEAVY DEW  54.9  52.6  53.1  54.9  64.8  161   58    7   81 0.05  0.0  4529      55.1  54.4                    0  9.1 30.03  1.1  0.0   10          201
 3:00a M.CLOUDY HEAVY DEW  54.7  52.5  52.9  54.7  64.8  161   52    7   87 0.05  0.0  4529      54.9  54.2                    0  9.0 30.03  1.3  0.0    9          201
 3:30a M.C.-CLD HEAVY DEW  54.6  52.3  52.9  54.6  64.8  161   46    7   92 0.05  0.0  4528      54.8  54.1                    0  9.1 30.03  1.5  0.0    9          202
Showers unlikely, but could contain lightning if they occur...............................          
 4:00a M.C.-CLD HEAVY DEW  54.6  52.3  52.9  54.6  64.9  161   40    7   96 0.05  0.0  4528      54.8  54.1                    0  9.3 30.03  1.7  0.0    9          202
 4:30a M.C.-CLD HEAVY DEW  54.6  52.2  53.0  54.6  64.8  161   41    6   96 0.05  0.0  4527      54.8  54.2                    0  9.5 30.03  1.7  0.0    9          202
 5:00a M.C.-CLD HEAVY DEW  54.6  52.1  52.9  54.6  64.6  161   44    7   96 0.05  0.0  4526      54.8  54.1                    0  9.7 30.03  1.5  0.0    9          201
Showers unlikely..........................................................................          
 5:30a M.C.-CLD HEAVY DEW  54.6  52.0  52.8  54.6  64.4  161   47    7   96 0.05  0.0  4525      54.7  54.1                    0  9.9 30.04  1.3  0.0    9          201
 6:00a M.CLOUDY HEAVY DEW  54.6  51.8  52.9  54.6  64.8  149   51    7   97 0.05  0.0  4526      54.8  54.1                    0   11 30.04  0.9  0.0    9          201
 6:30a M.CLOUDY HEAVY DEW  54.8  51.8  53.1  54.8  64.8  149   55    7   97 0.05  0.0  4526      55.0  54.3                    0   11 30.05  0.9  0.0    9          201
 7:00a M.CLOUDY HEAVY DEW  54.9  51.7  53.2  54.9  64.7  149   60    7   98 0.05  0.0  4525      55.1  54.4                    3   12 30.06  0.8  0.0    9          100
Showers very unlikely.....................................................................          
 7:30a M.CLOUDY HEAVY DEW  55.5  52.0  53.8  55.5  64.5  149   61    7   96 0.05  0.0  4525      55.9  55.0                   43   12 30.07  0.8  0.1   10          201
Showers unlikely..........................................................................          
 8:00a M.CLOUDY HEAVY DEW  56.8  52.8  55.2  56.8  64.5  149   62    7   93 0.05  0.0  4526      57.3  56.3                   98   12 30.08  0.9  0.2   11          201
 8:30a M.CLOUDY HEAVY DEW  58.4  53.6  57.1  58.0  64.5  149   64    8   90 0.05  0.0  4527      59.1  58.0                  161   12 30.08  1.1  0.5   11          201
 9:00a P.-M.CLD HEAVY DEW  60.5  54.5  59.5  59.9  64.6  149   65    8   88 0.05  0.0  4529      61.3  60.1                  227   12 30.09  1.3  0.9   12          201
 9:30a P.-M.CLD MOD. DEW   62.9  55.2  62.3  62.2  64.8  149   66    9   85 0.05  0.0  4532      63.8  62.5                  293   12 30.10  1.5  1.4   14          201
10:00a P.-M.CLD LIGHT DEW  65.5  55.9  65.4  64.9  65.1  149   67    9   82 0.05  0.0  4536      66.5  65.1                  356   12 30.10  1.7  1.9   15          202
Showers unlikely, but could contain lightning if they occur...............................          
10:30a P.-M.CLD            67.9  56.4  67.9  67.4  65.4  149   69   10   78 0.05  0.0  4539      69.1  67.6                  418   12 30.10  1.9  2.7   17          202
11:00a P.-M.CLD            70.1  56.8  70.1  69.7  65.6  149   70   10   73 0.05  0.0  4542      71.3  69.8                  476   12 30.10  2.0  3.4   18          202
11:30a P.-M.CLD DRIZZLE    71.9  56.9  71.9  71.4  65.2  149   66   10   69 0.05  0.0  4542      73.1  71.5                  481   11 30.09  2.2  3.9   20          302
Scattered showers or thundershowers possible..............................................          
12:00p P.-M.CLD DRIZZLE    73.4  57.3  73.4  73.1  65.4  149   67   11   65 0.05  0.0  4545      74.7  73.1                  516   11 30.08  2.3  4.4   21          302
12:30p P.CLOUDY            75.1  57.5  75.1  75.0  66.0  149   75   11   59 0.05  0.0  4550      76.4  74.8                  588   12 30.07  2.4  5.0   22          302
 1:00p P.CLOUDY            76.5  57.4  76.5  76.4  66.3  149   76   11   54 0.05  0.0  4552      77.7  76.2                  599   12 30.06  2.5  5.2   23          302
 1:30p P.CLOUDY            77.3  57.1  77.3  77.2  66.8  149   77   12   50 0.05  0.0  4557      78.4  77.0                  604   12 30.04  2.5  5.1   23          303
Scattered thunderstorms possible..........................................................          
 2:00p P.CLOUDY            78.0  56.9  78.0  77.8  67.5  149   79   12   46 0.05  0.0  4561      79.0  77.6                  598   13 30.03  2.6  4.8   23          303
 2:30p P.CLOUDY            78.5  56.6  78.5  78.3  68.0  149   81   11   42 0.05  0.0  4565      79.5  78.2                  578   13 30.03  2.6  4.3   23          303
 3:00p FAIR-P.C            79.0  56.3  79.0  78.8  68.5  149   82   11   38 0.05  0.0  4569      79.9  78.7                  544   13 30.02  2.6  3.6   23          303
 3:30p FAIR-P.C            79.4  56.1  79.4  79.2  68.9  149   84   11   34 0.05  0.0  4572      80.2  79.1                  497   13 30.02  2.5  2.9   23          303
 4:00p FAIR-P.C            79.7  55.9  79.7  79.4  69.2  149   85   11   30 0.05  0.0  4574      80.4  79.4                  437   13 30.02  2.5  2.1   23          302
Scattered showers or thundershowers possible..............................................          
 4:30p FAIR-P.C            79.7  55.6  79.7  79.3  69.5  149   85   11   30 0.05  0.0  4575      80.3  79.4                  358   13 30.02  2.5  1.5   22          303
Scattered thunderstorms possible..........................................................          
 5:00p FAIR-P.C            79.2  55.5  79.2  78.8  69.5  149   84   10   33 0.05  0.0  4575      79.9  79.0                  274   13 30.02  2.6  1.0   22          303
 5:30p P.CLOUDY DRIZZLE    78.2  55.5  78.2  77.6  68.7  149   72    9   46 0.05  0.0  4570      78.8  77.8                  166   13 30.03  2.8  0.5   21          303
 6:00p P.CLOUDY DRIZZLE    76.9  55.7  76.9  76.4  68.3  149   72    9   46 0.06  0.0  4568      77.4  76.5                   98   13 30.03  2.7  0.2   19          303
 6:30p P.CLOUDY            75.5  56.0  75.5  74.9  68.6  149   79    8   41 0.06  0.0  4568      75.9  75.1                   42   13 30.04  2.4  0.0   17          302
Scattered showers or thundershowers possible..............................................          
 7:00p P.CLOUDY            73.5  56.0  73.5  72.9  68.3  149   78    7   43 0.06  0.0  4564      73.8  72.9                    0   13 30.05  2.3  0.0   16          302
 7:30p P.CLOUDY            71.3  56.2  71.3  70.7  67.9  149   78    7   43 0.06  0.0  4560      71.5  70.7                    0   13 30.05  2.2  0.0   14          302
 8:00p P.CLOUDY            69.2  56.3  69.2  68.7  67.2  149   79    7   42 0.06  0.0  4555      69.5  68.6                    0   13 30.06  1.9  0.0   13          202
Showers unlikely, but could contain lightning if they occur...............................          
 8:30p P.CLOUDY            67.4  56.6  67.4  66.8  66.6  149   79    7   40 0.06  0.0  4551      67.6  66.8                    0   13 30.07  1.7  0.0   13          202
 9:00p P.CLOUDY            65.8  56.8  65.8  65.1  66.0  149   80    7   39 0.06  0.0  4547      66.0  65.2                    0   12 30.07  1.5  0.0   12          202
 9:30p P.CLOUDY            64.5  56.9  64.5  63.8  65.5  149   81    7   38 0.06  0.0  4544      64.8  63.9                    0   12 30.08  1.4  0.0   12          201
Showers unlikely..........................................................................          
10:00p P.CLOUDY            63.5  56.9  63.5  62.7  65.0  149   81    7   37 0.06  0.0  4541      63.8  62.9                    0   12 30.08  1.3  0.0   12          201
10:30p FAIR-P.C LIGHT DEW  62.6  56.9  62.5  61.8  64.7  149   82    7   37 0.06  0.0  4539      62.9  62.1                    0   12 30.08  1.1  0.0   12          201
11:00p FAIR-P.C LIGHT DEW  61.9  56.8  61.6  61.0  64.4  149   82    7   38 0.06  0.0  4537      62.2  61.4                    0   12 30.08  1.0  0.0   12          201
11:30p FAIR-P.C MOD. DEW   61.3  56.7  60.8  60.4  64.1  149   83    7   38 0.06  0.0  4535      61.6  60.7                    0   12 30.07  0.9  0.0   11          100
Showers very unlikely.....................................................................          
                                                                                                    
22 Mar ---------------------------------------------------------------------------------------      
                                          Thursday                                                  
                                                                                                    
12:00a FAIR-P.C MOD. DEW   60.8  56.5  60.1  59.8  63.7  149   83    7   40 0.06  0.0  4533      61.1  60.2                    0   12 30.07  0.8  0.0   12          100
12:30a FAIR-P.C HEAVY DEW  60.3  56.3  59.5  59.4  63.5  149   83    7   41 0.06  0.0  4532      60.6  59.7                    0   12 30.07  0.7  0.0   12          100
 1:00a FAIR-P.C HEAVY DEW  59.8  56.1  58.9  58.9  63.2  149   83    7   42 0.06  0.0  4530      60.1  59.3                    0   11 30.07  0.6  0.0   12          100
 1:30a FAIR-P.C HEAVY DEW  59.5  55.8  58.5  58.6  63.0  149   83    7   42 0.06  0.0  4529      59.8  58.9                    0   11 30.07  0.5  0.0   12          100
 2:00a FAIR-P.C HEAVY DEW  59.1  55.5  58.1  58.4  62.9  149   82    7   41 0.06  0.0  4528      59.4  58.6                    0   11 30.07  0.5  0.0   12          100
 2:30a FAIR-P.C HEAVY DEW  58.8  55.2  57.7  58.1  62.7  149   82    7   40 0.06  0.0  4527      59.1  58.2                    0   11 30.06  0.4  0.0   11          100
 3:00a P.CLOUDY HEAVY DEW  58.5  55.0  57.3  57.8  62.6  149   81    7   40 0.06  0.0  4526      58.8  57.9                    0   11 30.06  0.3  0.0   11          100
 3:30a P.CLOUDY HEAVY DEW  58.2  54.7  57.0  57.6  62.5  149   80    7   40 0.06  0.0  4525      58.5  57.7                    0   11 30.06  0.3  0.0   11          100
 4:00a P.CLOUDY HEAVY DEW  58.0  54.4  56.7  57.4  62.3  149   79    7   40 0.06  0.0  4523      58.3  57.4                    0   11 30.06  0.2  0.0   11          100
 4:30a P.CLOUDY HEAVY DEW  57.8  54.2  56.4  57.3  62.2  149   78    7   42 0.06  0.0  4523      58.1  57.2                    0   11 30.05  0.2  0.0   11          100
 5:00a P.CLOUDY HEAVY DEW  57.6  53.9  56.2  57.1  62.0  149   78    7   44 0.06  0.0  4522      57.9  57.0                    0   11 30.05  0.4  0.0   11          100
 5:30a P.CLOUDY HEAVY DEW  57.4  53.7  55.9  57.0  61.8  149   77    7   47 0.06  0.0  4521      57.7  56.8                    0   11 30.05  0.6  0.0   11          100
 6:00a P.CLOUDY HEAVY DEW  57.2  53.4  55.7  56.8  61.7  149   76    7   49 0.06  0.0  4520      57.5  56.6                    0   11 30.05  0.7  0.0   11          100
 6:30a P.CLOUDY HEAVY DEW  57.0  53.2  55.5  56.7  61.5  149   76    7   51 0.06  0.0  4519      57.3  56.4                    0   11 30.06  0.9  0.0   11          100
 7:00a P.CLOUDY HEAVY DEW  56.9  53.0  55.3  56.9  61.3  149   75    8   54 0.06  0.0  4518      57.2  56.3                    6   12 30.06  1.0  0.0   11          201
Showers unlikely..........................................................................          
 7:30a P.-M.CLD HEAVY DEW  57.3  53.2  55.6  56.9  60.9  149   71    8   63 0.06  0.0  4517      57.7  56.7                   53   12 30.07  1.4  0.1   12          201
 8:00a P.-M.CLD HEAVY DEW  58.5  53.9  56.9  58.0  60.6  149   66    9   73 0.06  0.0  4516      59.1  58.0                  106   12 30.07  1.6  0.2   14          202
Showers unlikely, but could contain lightning if they occur...............................          
 8:30a M.CLOUDY DRIZZLE    60.0  54.8  58.6  59.3  59.9  149   56    9   81 0.06  0.0  4514      60.8  59.6                  145   11 30.08  1.8  0.5   15          302
Scattered showers or thundershowers possible..............................................          
 9:00a M.C.-CLD DRIZZLE    61.8  55.8  60.7  61.1  59.9  149   51   10   87 0.06  0.0  4516      62.7  61.4                  181   11 30.08  2.1  0.7   17          302
 9:30a M.C.-CLD HEAVY DEW  63.7  56.5  62.9  63.0  60.1  149   48   11   92 0.06  0.0  4519      64.7  63.3                  214   12 30.08  2.3  1.0   18          302
10:00a CLOUDY   MOD. DEW   65.4  57.0  64.9  64.8  60.0  149   42   11   95 0.06  0.0  4519      66.6  65.1                  224   12 30.09  2.5  1.3   20          403
Scattered thunderstorms likely............................................................          
10:30a CLOUDY   MOD. DEW   67.0  57.4  66.8  66.4  59.9  149   40   12   96 0.06  0.0  4519      68.2  66.6                  245   12 30.09  2.7  1.8   21          403
11:00a CLOUDY   LIGHT DEW  68.5  57.7  68.5  68.0  59.9  149   40   12   96 0.06  0.0  4520      69.8  68.1                  269   12 30.09  2.7  2.2   23          403
11:30a CLOUDY   DRIZZLE    69.3  57.9  69.3  68.9  59.8  149   36   12   96 0.06  0.0  4519      70.7  69.0                  262   10 30.09  2.7  2.5   23          403
12:00p CLOUDY   DRIZZLE    69.5  58.5  69.5  69.2  59.6  149   35   13   96 0.07  0.0  4518      71.0  69.2                  272   10 30.09  2.5  2.7   24          403
12:30p CLOUDY   LIGHT DEW  70.0  58.9  70.0  69.8  59.6  149   38   13   97 0.07  0.0  4519      71.5  69.7                  303   12 30.09  2.5  3.1   25          403
 1:00p CLOUDY   LIGHT DEW  70.9  58.9  70.9  70.7  60.3  149   38   13   97 0.07  0.0  4521      72.4  70.6                  301   12 30.08  2.6  3.1   25          403
 1:30p CLOUDY   LIGHT DEW  71.6  58.8  71.6  71.4  60.9  149   35   13   97 0.07  0.0  4524      73.1  71.2                  276   12 30.07  2.7  2.9   25          403
 2:00p CLOUDY   CHNC. SHW  72.1  58.6  72.1  71.9  61.5  149   31   13   98 0.07  0.0  4527      73.6  71.7                  240   13 30.07  3.0  2.5   24          403
 2:30p DNS.OVCS LIGHT RAI  71.0  59.0  71.0  70.8  61.2  149   24   12   99 0.08  0.0  4523      72.4  70.6                  175  7.5 30.06  3.1  1.8   23          403
 3:00p DNS.OVCS LIGHT RAI  68.1  60.2  68.1  67.6  59.6  149   22   11   99 0.11  0.0  4516      69.6  67.8                  144  7.5 30.06  2.9  1.4   22          403
 3:30p DNS.OVCS CHNC. SHW  66.9  60.8  66.9  66.1  58.8  149   22   10  100 0.12  0.0  4514      68.3  66.6                  129   13 30.07  2.7  1.1   21          403
 4:00p DNS.OVCS CHNC. SHW  67.2  60.7  67.2  66.4  58.9  149   19   10  100 0.12  0.0  4512      68.5  66.8                   96   12 30.07  2.8  0.7   20          403
 4:30p DNS.OVCS CHNC. SHW  67.2  60.7  67.2  66.5  58.9  149   19    9  100 0.12  0.0  4512      68.4  66.9                   83   12 30.07  2.9  0.5   19          403
 5:00p DNS.OVCS CHNC. SHW  67.2  60.6  67.2  66.5  58.9  149   22    8  100 0.12  0.0  4511      68.2  66.8                   72   12 30.08  2.8  0.4   19          403
 5:30p DNS.OVCS LIGHT RAI  66.3  60.8  66.3  65.4  58.6  149   21    7   99 0.13  0.0  4507      67.1  66.0                   49  7.2 30.08  2.6  0.2   17          403
 6:00p DNS.OVCS LIGHT RAI  64.4  61.0  64.4  62.9  58.0  188   23    7   99 0.16  0.0  4505      65.0  64.1                   32  7.1 30.08  3.0  0.1   16          403
 6:30p DNS.OVCS MOD. DEW   63.2  60.9  63.2  61.5  56.7  188   25    6   98 0.18  0.0  4498      63.7  62.9                   14  8.4 30.09  2.0  0.0   15          402
Scattered showers likely, with thunder possible...........................................          
 7:00p CLOUDY   LIGHT FOG  62.9  60.5  62.9  61.2  56.7  188   26    5   98 0.18  0.0  4494      63.0  62.5                    0  7.5 30.09  1.8  0.0   13          302
Scattered showers or thundershowers possible..............................................          
 7:30p CLOUDY   LIGHT FOG  62.5  60.2  62.5  60.8  56.4  188   27    4   98 0.18  0.0  4491      62.6  62.1                    0  7.8 30.09  1.6  0.0   13          302
 8:00p CLOUDY   LIGHT FOG  62.2  59.8  62.2  60.5  55.7  188   27    4   98 0.18  0.0  4486      62.3  61.7                    0  7.7 30.10  1.4  0.0   13          301
Scattered showers possible, but thunder unlikely..........................................          
 8:30p CLOUDY   MOD. RAIN  61.0  59.7  61.0  59.2  55.0  188   21    4   98 0.21  0.0  4477      61.1  60.6                    0  2.3 30.10  1.1  0.0   12          301
 9:00p CLOUDY   MOD. RAIN  60.0  59.9  60.0  58.0  53.6  188   15    4   98 0.30  0.0  4473      60.0  59.6                    0  0.7 30.10  1.0  0.0   13          301
 9:30p CLOUDY   MOD. FOG   60.0  59.9  60.0  58.0  52.8  188   18    4   98 0.36  0.0  4472      60.0  59.6                    0  1.2 30.10  0.9  0.0   13          201
Showers unlikely..........................................................................          
10:00p CLOUDY   MOD. FOG   59.9  59.7  59.9  58.0  52.9  188   18    4   99 0.36  0.0  4467      60.0  59.5                    0  1.2 30.10  0.6  0.0   13          201
10:30p CLOUDY   MOD. FOG   59.8  59.5  59.8  58.0  52.8  188   21    4   98 0.36  0.0  4466      59.9  59.4                    0  1.1 30.10  0.4  0.0   13          201
11:00p M.C.-CLD MOD. FOG   59.7  59.2  59.7  57.9  52.5  188   24    4   97 0.36  0.0  4463      59.8  59.3                    0  0.9 30.09  0.2  0.0   13          201
11:30p M.C.-CLD LIGHT RAI  59.3  58.9  59.3  57.7  52.5  188   23    4   97 0.36  0.0  4460      59.4  59.0                    0  0.7 30.09 -0.1  0.0   13          100
Showers very unlikely.....................................................................          
                                                                                                    
Nighttime lows and daytime highs:                                                                   
                                                                                                    
    Fri    Sat    Sun    Mon    Tue    Wed    Thu                                                   
    16 Mar 17 Mar 18 Mar 19 Mar 20 Mar 21 Mar 22 Mar                                                
   |M  78|55  78|57  83|53  80|52  78|54  80|56  74|                                                
                                                                                                    
Summary: (averages for dew pt, %rh, w.spd, %sc, and sn.dep)                                         
                                                                                                    
  DATE     MIN   MAX  DEW PT  %RH   W.SPD  RS.WS RS.WD  %SC  %V.S.T. SLR.EN   PTOT SN.DEP           
 16 Mar*  57.9  78.4   56.5    63    4.0    3.6   184    54     72    2853    0.01   0.00        100
 17 Mar   54.5  78.3   56.5    80    7.9    7.9   181    54     66    3775    0.01   0.00        100
 18 Mar   56.6  82.6   54.2    67    8.2    8.1   202    38     77    4755    0.02   0.00        100
 19 Mar   52.8  80.5   52.7    68    8.6    8.1   193    49     79    3878    0.01   0.00        100
 20 Mar   52.4  77.8   54.4    77   10.2   10.2   161    55     76    4495    0.00   0.00        100
 21 Mar   54.1  80.4   54.9    72    8.3    8.3   151    62     70    4228    0.01   0.00        100
 22 Mar   56.3  73.8   57.5    84    8.2    8.0   154    79     47    1946    0.30   0.00        100
                                                                                                    
Units:                                                                                              
temperature: Fahrenheit, precipitation: inches, snow: inches, wind: mi/hr                           
thickness: feet, solar energy: Watt x hr/m^2, visibility: miles                                     
Convective basis: North American                                                                    
                                                                                                    
Comments (can be modified on Retrieved Data Plots form):                                            
WXSIM forecast for Naperville, initialized at 11:00 AM 16 Mar, 2012                                 
