1331910000000,76.0,77.2,75.6,56.5,76.0,75.6,30.00,1.7,284,3,14,S,0.0,80,-,-,-,-
1331911800000,75.5,76.7,75.1,56.9,75.5,75.2,30.00,1.5,326,3,14,S,0.0,74,-,-,-,-
1331913600000,75.6,76.6,75.3,56.9,75.6,75.3,30.00,1.2,371,4,14,S,0.0,56,-,-,-,-
1331915400000,75.7,76.5,75.3,56.8,75.7,75.3,30.00,0.9,321,4,14,S,0.0,50,-,-,-,-
1331917200000,75.2,76.0,74.9,56.7,75.2,74.9,30.00,0.6,249,5,14,S,0.0,46,-,-,-,-
1331919000000,74.2,74.9,73.9,56.6,74.2,73.8,30.00,0.2,87,5,14,S,0.0,74,-,-,-,-
1331920800000,72.9,73.5,72.6,56.9,72.9,72.5,30.00,0.1,48,4,15,S,0.0,76,0,1331917200000,13.png,1331920800000
1331922600000,71.5,71.9,70.9,57.1,71.5,71.1,30.00,0.0,21,4,15,S,0.0,62,-,-,-,-
1331924400000,69.5,69.9,68.9,57.3,69.5,69.1,30.00,0.0,0,4,15,S,0.0,44,-,-,-,-
1331926200000,67.3,67.6,66.6,57.5,67.3,66.8,30.01,0.0,0,4,15,S,0.0,34,-,-,-,-
1331928000000,65.3,65.7,64.6,57.5,65.3,64.6,30.02,0.0,0,5,15,S,0.0,32,-,-,-,-
1331929800000,63.8,64.1,63.0,57.3,63.8,62.9,30.03,0.0,0,5,15,S,0.0,30,-,-,-,-
1331931600000,62.5,62.8,61.8,57.1,62.5,61.6,30.03,0.0,0,5,12,S,0.0,28,0,1331928000000,-,-
1331933400000,61.5,61.8,60.8,56.8,61.4,60.5,30.04,0.0,0,6,12,S,0.0,28,-,-,-,-
1331935200000,60.6,60.9,60.0,56.6,60.3,59.7,30.04,0.0,0,6,12,S,0.0,28,-,-,-,-
1331937000000,59.9,60.2,59.3,56.4,59.2,59.0,30.04,0.0,0,7,12,S,0.0,28,-,-,-,-
1331938800000,59.3,59.5,58.7,56.2,58.3,58.3,30.04,0.0,0,7,12,S,0.0,26,-,-,-,-
1331940600000,58.7,58.9,58.2,56.0,57.5,57.8,30.04,0.0,0,7,12,S,0.0,26,-,-,-,-
1331942400000,58.2,58.4,57.7,55.9,56.8,57.4,30.05,0.0,0,8,12,S,0.0,24,0,1331938800000,11n.png,1331942400000
1331944200000,57.7,58.0,57.4,55.8,56.1,57.0,30.05,0.0,0,8,12,S,0.0,24,-,-,-,-
1331946000000,57.4,57.6,57.0,55.6,55.6,56.7,30.05,0.0,0,9,12,S,0.0,24,-,-,-,-
1331947800000,57.0,57.2,56.7,55.4,55.0,56.4,30.05,0.0,0,9,12,S,0.0,24,-,-,-,-
1331949600000,56.7,56.9,56.4,55.2,54.6,56.7,30.05,0.0,0,9,12,S,0.0,24,-,-,-,-
1331951400000,56.4,56.6,56.1,55.0,54.3,56.4,30.04,0.0,0,9,12,S,0.0,24,-,-,-,-
1331953200000,56.1,56.3,55.7,54.8,53.9,56.1,30.04,0.0,0,9,13,S,0.0,24,0,1331949600000,-,-
1331955000000,55.8,56.0,55.4,54.5,53.6,55.8,30.03,0.0,0,9,13,S,0.0,24,-,-,-,-
1331956800000,55.5,55.7,55.2,54.3,53.4,55.5,30.03,0.0,0,8,13,S,0.0,24,-,-,-,-
1331958600000,55.3,55.5,54.9,54.1,53.1,55.3,30.02,0.0,0,8,13,S,0.0,24,-,-,-,-
1331960400000,55.1,55.3,54.7,53.9,52.9,55.1,30.02,0.0,0,8,13,S,0.0,24,-,-,-,-
1331962200000,55.0,55.1,54.6,53.8,52.8,55.0,30.03,0.0,0,8,13,S,0.0,40,-,-,-,-
1331964000000,55.1,55.2,54.7,53.9,53.1,55.1,30.03,0.0,0,8,12,S,0.0,40,0,1331960400000,3n.png,1331964000000
1331965800000,55.3,55.4,54.8,54.0,53.3,55.3,30.03,0.0,0,8,12,S,0.0,38,-,-,-,-
1331967600000,55.2,55.4,54.7,53.8,53.2,55.2,30.04,0.0,0,8,12,S,0.0,32,-,-,-,-
1331969400000,55.2,55.5,54.7,53.8,53.2,55.2,30.04,0.0,31,8,12,S,0.0,28,-,-,-,-
1331971200000,55.8,56.3,55.4,54.3,54.0,55.8,30.04,0.1,85,8,12,S,0.0,28,-,-,-,-
1331973000000,56.9,57.5,56.4,55.1,55.3,56.9,30.04,0.3,152,8,12,S,0.0,28,-,-,-,-
1331974800000,58.3,59.0,57.8,55.9,57.0,57.4,30.04,0.6,235,8,11,S,0.0,30,0,1331971200000,-,-
1331976600000,60.0,61.0,59.6,56.8,59.1,59.0,30.04,1.0,323,8,11,S,0.0,30,-,-,-,-
1331978400000,62.2,63.3,61.8,57.6,61.7,61.2,30.04,1.3,383,8,11,S,0.0,34,-,-,-,-
1331980200000,64.6,65.7,64.2,58.1,64.6,63.8,30.03,1.9,437,8,11,S,0.0,38,-,-,-,-
1331982000000,67.1,68.3,66.7,58.6,67.1,66.5,30.03,2.5,484,8,11,S,0.0,42,-,-,-,-
1331983800000,69.5,70.7,69.1,58.7,69.5,69.1,30.03,3.0,523,8,11,S,0.0,46,-,-,-,-
1331985600000,71.7,73.0,71.4,58.7,71.7,71.6,30.02,3.4,551,8,18,S,0.0,48,0,1331982000000,13.png,1331985600000
1331987400000,73.6,74.9,73.3,58.6,73.6,73.6,30.02,3.6,568,8,18,S,0.0,50,-,-,-,-
1331989200000,75.1,76.5,74.8,58.4,75.1,75.2,30.01,3.7,571,8,18,S,0.0,52,-,-,-,-
1331991000000,76.0,77.3,75.7,58.2,76.0,76.1,29.99,3.6,570,8,18,S,0.0,54,-,-,-,-
1331992800000,76.7,77.9,76.3,57.9,76.7,76.7,29.98,3.4,564,9,18,S,0.0,54,-,-,-,-
1331994600000,76.6,77.9,76.3,57.8,76.6,76.7,29.97,2.0,292,9,18,S,0.0,84,-,-,-,-
1331996400000,75.3,76.5,74.9,58.3,75.3,75.3,29.97,1.6,273,8,21,S,0.0,86,0.01,1331992800000,-,-
1331998200000,74.4,75.7,74.1,58.6,74.4,74.5,29.96,1.5,335,8,21,S,0.0,74,-,-,-,-
1332000000000,74.6,75.5,74.2,58.4,74.6,74.6,29.96,1.3,387,9,21,S,0.0,52,-,-,-,-
1332001800000,74.6,75.3,74.3,58.2,74.6,74.5,29.96,0.9,341,9,21,S,0.0,46,-,-,-,-
1332003600000,74.2,74.8,73.9,57.8,74.2,74.0,29.96,0.6,267,9,21,S,0.0,42,-,-,-,-
1332005400000,73.3,74.0,72.9,57.6,73.3,73.0,29.96,0.2,97,9,21,S,0.0,70,-,-,-,-
1332007200000,72.1,72.7,71.7,57.7,72.1,71.8,29.96,0.1,55,8,20,S,0.0,72,0,1332003600000,13.png,1332007200000
1332009000000,70.7,71.1,70.2,57.8,70.7,70.4,29.96,0.0,25,7,20,S,0.0,58,-,-,-,-
1332010800000,68.8,69.1,68.2,57.8,68.8,68.3,29.96,0.0,0,7,20,S,0.0,38,-,-,-,-
1332012600000,66.5,66.8,66.0,57.9,66.5,65.9,29.96,0.0,0,7,20,S,0.0,30,-,-,-,-
1332014400000,64.5,64.8,64.0,57.7,64.5,63.7,29.97,0.0,0,7,20,S,0.0,26,-,-,-,-
1332016200000,62.9,63.3,62.4,57.3,62.9,62.0,29.97,0.0,0,7,20,S,0.0,24,-,-,-,-
1332018000000,61.7,62.0,61.1,56.9,61.4,60.7,29.98,0.0,0,7,16,S,0.0,24,0,1332014400000,-,-
1332019800000,60.7,61.0,60.1,56.6,60.2,59.7,29.98,0.0,0,7,16,S,0.0,22,-,-,-,-
1332021600000,59.8,60.1,59.3,56.2,59.1,58.9,29.98,0.0,0,7,16,S,0.0,22,-,-,-,-
1332023400000,59.2,59.5,58.6,55.9,58.2,58.3,29.98,0.0,0,7,16,S,0.0,22,-,-,-,-
1332025200000,58.6,58.9,58.0,55.7,57.5,57.8,29.98,0.0,0,7,16,S,0.0,22,-,-,-,-
1332027000000,58.1,58.3,57.8,55.5,56.9,57.4,29.98,0.0,0,7,16,S,0.0,34,-,-,-,-
1332028800000,58.1,58.2,57.7,55.6,56.8,57.3,29.99,0.0,0,7,12,S,0.0,36,0,1332025200000,13n.png,1332028800000
1332030600000,58.0,58.2,57.6,55.7,56.7,57.3,29.99,0.0,0,8,12,S,0.0,36,-,-,-,-
1332032400000,57.8,58.0,57.3,55.6,56.4,57.1,29.99,0.0,0,8,12,S,0.0,32,-,-,-,-
1332034200000,57.6,57.8,57.1,55.3,56.1,56.9,29.99,0.0,0,8,12,S,0.0,30,-,-,-,-
1332036000000,57.3,57.5,56.9,55.1,55.8,56.7,30.00,0.0,0,8,12,S,0.0,28,-,-,-,-
1332037800000,57.0,57.1,56.7,55.0,55.4,56.5,30.00,0.0,0,8,12,S,0.0,40,-,-,-,-
1332039600000,57.1,57.2,56.8,54.9,55.5,56.6,30.00,0.0,0,8,13,SSW,0.0,40,0.02,1332036000000,-,-
1332041400000,57.5,57.6,57.0,54.9,55.9,56.9,30.00,0.0,0,8,13,SSW,0.0,42,-,-,-,-
1332043200000,57.8,58.0,57.3,54.8,56.3,57.2,30.00,0.0,0,8,13,SSW,0.0,40,-,-,-,-
1332045000000,57.9,58.1,57.4,54.6,56.5,57.3,30.00,0.0,0,8,13,SSW,0.0,38,-,-,-,-
1332046800000,58.0,58.2,57.4,54.4,56.6,57.4,30.00,0.0,0,8,13,SSW,0.0,38,-,-,-,-
1332048600000,58.0,58.2,57.4,54.2,56.6,57.4,30.01,0.0,0,8,13,SSW,0.0,38,-,-,-,-
1332050400000,58.0,58.2,57.4,54.0,56.7,57.5,30.01,0.0,0,7,12,SSW,0.0,38,0,1332046800000,14.png,1332050400000
1332052200000,57.9,58.1,57.4,53.8,56.7,57.4,30.02,0.0,0,7,12,SSW,0.0,40,-,-,-,-
1332054000000,57.9,58.1,57.3,53.6,56.7,57.4,30.03,0.0,0,7,12,SSW,0.0,40,-,-,-,-
1332055800000,58.1,58.5,57.5,53.5,57.0,57.6,30.04,0.0,41,7,12,SSW,0.0,36,-,-,-,-
1332057600000,59.1,59.7,58.6,53.7,58.2,58.6,30.04,0.1,102,7,12,SSW,0.0,36,-,-,-,-
1332059400000,60.7,61.4,60.3,54.0,60.0,60.2,30.05,0.4,176,7,12,SSW,0.0,38,-,-,-,-
1332061200000,62.7,63.5,62.4,54.3,62.3,62.2,30.05,0.7,255,8,15,SSW,0.0,38,0,1332057600000,-,-
1332063000000,65.2,65.9,64.9,54.6,65.1,64.6,30.06,1.1,338,8,15,SSW,0.0,40,-,-,-,-
1332064800000,67.8,68.6,67.5,54.9,67.8,67.2,30.06,1.6,419,9,15,SSW,0.0,42,-,-,-,-
1332066600000,70.5,71.3,70.2,55.1,70.5,69.8,30.06,2.3,488,9,15,SSW,0.0,44,-,-,-,-
1332068400000,72.9,73.7,72.6,55.2,72.9,72.2,30.06,3.0,547,10,15,SSW,0.0,46,-,-,-,-
1332070200000,74.8,75.7,74.5,55.2,74.8,74.1,30.05,3.6,595,10,15,SSW,0.0,46,-,-,-,-
1332072000000,76.6,77.5,76.4,55.1,76.6,75.9,30.04,4.1,631,10,23,SSW,0.0,48,0,1332068400000,11.png,1332072000000
1332073800000,77.9,78.8,77.7,55.0,77.9,77.3,30.03,4.4,655,10,23,SSW,0.0,50,-,-,-,-
1332075600000,79.0,79.9,78.8,54.8,79.0,78.4,30.02,4.5,665,10,23,SSW,0.0,50,-,-,-,-
1332077400000,79.9,80.6,79.6,54.6,79.9,79.3,30.01,4.4,670,11,23,SSW,0.0,50,-,-,-,-
1332079200000,80.5,81.2,80.3,54.5,80.5,79.9,29.99,4.2,661,11,23,SSW,0.0,48,-,-,-,-
1332081000000,81.0,81.6,80.8,54.3,81.0,80.5,29.98,3.7,636,11,23,SSW,0.0,48,-,-,-,-
1332082800000,81.5,82.0,81.3,54.1,81.5,80.9,29.97,3.1,594,11,23,SSW,0.0,46,0,1332079200000,-,-
1332084600000,81.8,82.3,81.7,53.9,81.8,81.3,29.97,2.4,537,11,23,SSW,0.0,44,-,-,-,-
1332086400000,82.1,82.6,82.0,53.7,82.1,81.6,29.96,1.7,467,11,23,SSW,0.0,42,-,-,-,-
1332088200000,82.0,82.5,81.9,53.5,82.0,81.4,29.96,1.2,383,10,23,SSW,0.0,40,-,-,-,-
1332090000000,81.5,81.9,81.4,53.4,81.5,80.8,29.96,0.7,293,10,23,SSW,0.0,40,-,-,-,-
1332091800000,80.4,80.8,80.3,53.3,80.4,79.5,29.96,0.4,202,9,23,SSW,0.0,38,-,-,-,-
1332093600000,78.9,79.3,78.6,53.2,78.9,77.8,29.97,0.1,115,8,23,SSW,0.0,36,0,1332090000000,10.png,1332093600000
1332095400000,76.9,77.2,76.5,53.1,76.9,75.7,29.97,0.0,40,8,23,SSW,0.0,34,-,-,-,-
1332097200000,74.4,74.7,73.9,53.1,74.4,73.2,29.97,0.0,0,7,23,SSW,0.0,30,-,-,-,-
1332099000000,71.7,72.1,71.2,53.1,71.7,70.7,29.98,0.0,0,6,23,SSW,0.0,26,-,-,-,-
1332100800000,69.2,69.6,68.7,53.2,69.2,68.4,29.98,0.0,0,6,23,SSW,0.0,24,-,-,-,-
1332102600000,67.0,67.3,66.4,53.2,67.0,66.4,29.99,0.0,0,6,23,SSW,0.0,22,-,-,-,-
1332104400000,65.0,65.3,64.4,53.3,65.0,64.5,30.00,0.0,0,6,18,SSW,0.0,20,0,1332100800000,-,-
1332106200000,63.2,63.6,62.7,53.4,63.2,62.8,30.00,0.0,0,6,18,SSW,0.0,18,-,-,-,-
1332108000000,61.9,62.2,61.3,53.4,61.7,61.4,30.00,0.0,0,6,18,SSW,0.0,16,-,-,-,-
1332109800000,60.7,61.1,60.1,53.3,60.3,60.3,30.00,0.0,0,7,18,SSW,0.0,14,-,-,-,-
1332111600000,59.8,60.1,59.2,53.2,59.1,59.3,30.00,0.0,0,7,18,SSW,0.0,12,-,-,-,-
1332113400000,58.9,59.3,58.4,53.1,58.0,58.5,30.00,0.0,0,7,18,SSW,0.0,10,-,-,-,-
1332115200000,58.2,58.6,57.7,53.0,57.1,57.8,30.00,0.0,0,7,12,SSW,0.0,8,0,1332111600000,10n.png,1332115200000
1332117000000,57.6,57.9,57.1,52.8,56.3,57.3,30.00,0.0,0,7,12,SSW,0.0,6,-,-,-,-
1332118800000,57.1,57.4,56.5,52.7,55.6,56.8,30.00,0.0,0,7,12,SSW,0.0,4,-,-,-,-
1332120600000,56.6,56.9,56.1,52.5,55.0,56.6,30.01,0.0,0,7,12,SSW,0.0,2,-,-,-,-
1332122400000,56.2,56.5,55.6,52.3,54.6,56.2,30.01,0.0,0,7,12,SSW,0.0,0,-,-,-,-
1332124200000,55.8,56.1,55.2,52.1,54.2,55.8,30.01,0.0,0,7,12,SSW,0.0,0,-,-,-,-
1332126000000,55.5,55.8,54.8,51.9,53.8,55.5,30.01,0.0,0,7,12,SSW,0.0,0,0,1332122400000,-,-
1332127800000,55.1,55.5,54.5,51.7,53.5,55.1,30.01,0.0,0,7,12,SSW,0.0,0,-,-,-,-
1332129600000,54.8,55.2,54.1,51.5,53.2,54.8,30.01,0.0,0,6,12,SSW,0.0,0,-,-,-,-
1332131400000,54.6,54.9,53.9,51.3,53.0,54.6,30.01,0.0,0,6,12,SSW,0.0,0,-,-,-,-
1332133200000,54.3,54.6,53.6,51.2,52.7,54.3,30.01,0.0,0,6,12,SSW,0.0,0,-,-,-,-
1332135000000,54.1,54.4,53.4,51.0,52.5,54.1,30.02,0.0,0,6,12,SSW,0.0,0,-,-,-,-
1332136800000,53.9,54.2,53.2,50.8,52.2,53.9,30.02,0.0,0,6,10,SSW,0.0,0,0,1332133200000,11n.png,1332136800000
1332138600000,53.7,54.1,53.0,50.7,52.1,53.7,30.03,0.0,0,6,10,SSW,0.0,0,-,-,-,-
1332140400000,53.6,53.9,52.9,50.6,51.9,53.6,30.04,0.0,1,6,10,SSW,0.0,0,-,-,-,-
1332142200000,53.9,54.3,53.2,50.6,52.2,53.9,30.04,0.0,50,6,10,SSW,0.0,0,-,-,-,-
1332144000000,55.1,55.6,54.4,51.0,53.5,55.1,30.05,0.2,114,7,10,SSW,0.0,0,-,-,-,-
1332145800000,56.8,57.5,56.2,51.4,55.4,56.8,30.05,0.5,170,7,10,SSW,0.0,0,-,-,-,-
1332147600000,59.1,59.9,58.6,52.0,58.0,58.8,30.05,0.8,235,7,13,SSW,0.0,0,0,1332144000000,-,-
1332149400000,62.1,63.0,61.6,52.5,61.5,61.7,30.06,1.3,307,8,13,SSW,0.0,0,-,-,-,-
1332151200000,64.9,66.0,64.4,52.8,64.9,64.4,30.06,1.7,358,8,13,SSW,0.0,4,-,-,-,-
1332153000000,67.5,68.7,67.1,53.1,67.5,66.9,30.06,2.4,408,8,13,SSW,0.0,8,-,-,-,-
1332154800000,70.0,71.2,69.6,53.2,70.0,69.1,30.05,3.1,455,9,13,SSW,0.0,14,-,-,-,-
1332156600000,72.1,73.4,71.7,53.3,72.1,71.1,30.05,3.6,480,9,13,SSW,0.0,18,-,-,-,-
1332158400000,74.1,75.5,73.7,53.3,74.1,73.0,30.04,4.0,506,10,22,SSW,0.0,22,0,1332154800000,13.png,1332158400000
1332160200000,75.9,77.3,75.5,53.3,75.9,74.8,30.03,4.4,536,10,22,SSW,0.0,28,-,-,-,-
1332162000000,77.2,78.5,76.8,53.2,77.2,76.0,30.01,4.4,541,10,22,SSW,0.0,34,-,-,-,-
1332163800000,78.1,79.4,77.7,53.0,78.1,77.0,30.00,4.4,542,11,22,SSW,0.0,42,-,-,-,-
1332165600000,78.8,80.1,78.4,52.8,78.8,77.7,29.99,4.1,533,11,22,SSW,0.0,52,-,-,-,-
1332167400000,78.8,80.1,78.4,52.8,78.8,77.7,29.97,3.4,458,11,22,SSW,0.0,62,-,-,-,-
1332169200000,78.0,79.2,77.6,53.3,78.0,77.0,29.96,2.8,422,11,24,SSW,0.0,66,0.01,1332165600000,-,-
1332171000000,77.8,78.9,77.4,53.6,77.8,76.8,29.96,2.4,432,12,24,SSW,0.0,64,-,-,-,-
1332172800000,78.1,79.1,77.7,53.3,78.1,77.0,29.95,1.7,376,12,24,SSW,0.0,66,-,-,-,-
1332174600000,78.1,79.0,77.7,53.1,78.1,77.0,29.95,1.2,313,12,24,SSW,0.0,66,-,-,-,-
1332176400000,77.7,78.5,77.4,52.9,77.7,76.5,29.95,0.8,243,11,24,SSW,0.0,64,-,-,-,-
1332178200000,76.9,77.6,76.5,52.7,76.9,75.7,29.95,0.4,152,11,24,SSW,0.0,66,-,-,-,-
1332180000000,76.0,76.6,75.6,52.7,76.0,74.7,29.95,0.1,88,10,24,SSE,0.0,54,0,1332176400000,13.png,1332180000000
1332181800000,74.6,75.0,74.2,53.0,74.6,73.4,29.96,0.0,36,10,24,SSE,0.0,54,-,-,-,-
1332183600000,72.4,72.7,72.1,53.2,72.4,71.4,29.96,0.0,0,9,24,SSE,0.0,48,-,-,-,-
1332185400000,70.1,70.3,69.6,53.4,70.1,69.3,29.96,0.0,0,9,24,SSE,0.0,40,-,-,-,-
1332187200000,67.9,68.1,67.5,53.7,67.9,67.2,29.97,0.0,0,9,24,SSE,0.0,30,-,-,-,-
1332189000000,65.9,66.2,65.6,54.0,65.9,65.3,29.97,0.0,0,9,24,SSE,0.0,18,-,-,-,-
1332190800000,64.1,64.4,63.8,54.3,63.7,63.6,29.98,0.0,0,9,20,SSE,0.0,6,0,1332187200000,-,-
1332192600000,62.6,62.9,62.3,54.6,61.8,62.0,29.98,0.0,0,9,20,SSE,0.0,0,-,-,-,-
1332194400000,61.4,61.6,61.1,54.7,60.2,60.8,29.98,0.0,0,10,20,SSE,0.0,0,-,-,-,-
1332196200000,60.3,60.6,60.0,54.7,58.9,59.7,29.98,0.0,0,10,20,SSE,0.0,0,-,-,-,-
1332198000000,59.5,59.7,59.2,54.7,57.8,58.8,29.98,0.0,0,10,20,SSE,0.0,0,-,-,-,-
1332199800000,58.7,59.0,58.4,54.6,56.9,58.1,29.99,0.0,0,10,20,SSE,0.0,0,-,-,-,-
1332201600000,58.0,58.3,57.7,54.5,56.0,57.4,29.99,0.0,0,10,16,SSE,0.0,0,0,1332198000000,11n.png,1332201600000
1332203400000,57.4,57.7,57.1,54.4,55.2,56.9,30.00,0.0,0,10,16,SSE,0.0,0,-,-,-,-
1332205200000,56.9,57.1,56.6,54.2,54.6,56.9,30.00,0.0,0,10,16,SSE,0.0,0,-,-,-,-
1332207000000,56.4,56.6,56.1,54.0,53.9,56.4,30.00,0.0,0,10,16,SSE,0.0,0,-,-,-,-
1332208800000,55.9,56.1,55.6,53.8,53.4,55.9,30.00,0.0,0,10,16,SSE,0.0,0,-,-,-,-
1332210600000,55.5,55.7,55.2,53.5,53.0,55.5,30.00,0.0,0,10,16,SSE,0.0,0,-,-,-,-
1332212400000,55.1,55.3,54.8,53.3,52.6,55.1,30.00,0.0,0,9,14,SSE,0.0,0,0,1332208800000,-,-
1332214200000,54.7,55.0,54.5,53.0,52.2,54.7,30.00,0.0,0,9,14,SSE,0.0,0,-,-,-,-
1332216000000,54.4,54.6,54.1,52.8,51.8,54.4,30.00,0.0,0,9,14,SSE,0.0,0,-,-,-,-
1332217800000,54.1,54.3,53.8,52.6,51.5,54.1,30.00,0.0,0,9,14,SSE,0.0,0,-,-,-,-
1332219600000,53.8,54.0,53.4,52.4,51.1,53.8,30.00,0.0,0,9,14,SSE,0.0,0,-,-,-,-
1332221400000,53.5,53.7,53.2,52.2,50.8,53.5,30.00,0.0,0,9,14,SSE,0.0,0,-,-,-,-
1332223200000,53.2,53.4,52.9,51.9,50.4,53.2,30.01,0.0,0,9,13,SSE,0.0,0,0,1332219600000,3n.png,1332223200000
1332225000000,53.0,53.2,52.7,51.7,50.2,53.0,30.01,0.0,0,9,13,SSE,0.0,0,-,-,-,-
1332226800000,52.8,53.0,52.4,51.5,49.9,52.8,30.02,0.0,2,9,13,SSE,0.0,0,-,-,-,-
1332228600000,52.9,53.2,52.5,51.7,50.0,52.9,30.03,0.0,42,9,13,SSE,0.0,0,-,-,-,-
1332230400000,53.6,54.0,53.3,52.3,50.8,53.6,30.03,0.2,99,9,13,SSE,0.0,0,-,-,-,-
1332232200000,54.6,55.2,54.3,53.2,52.0,54.6,30.04,0.5,168,9,13,SSE,0.0,0,-,-,-,-
1332234000000,56.0,56.7,55.7,54.1,53.6,56.0,30.04,0.9,249,10,13,SSE,0.0,2,0,1332230400000,-,-
1332235800000,57.8,58.5,57.4,55.1,55.7,57.1,30.05,1.4,344,10,13,SSE,0.0,8,-,-,-,-
1332237600000,59.9,60.8,59.5,55.9,58.2,59.0,30.05,2.1,438,10,13,SSE,0.0,12,-,-,-,-
1332239400000,62.3,63.3,62.0,56.6,61.2,61.5,30.05,2.9,504,11,13,SSE,0.0,14,-,-,-,-
1332241200000,64.8,65.8,64.5,57.1,64.2,64.1,30.05,3.7,563,11,13,SSE,0.0,16,-,-,-,-
1332243000000,67.2,68.2,66.9,57.1,67.2,66.7,30.04,4.3,611,12,13,SSE,0.0,18,-,-,-,-
1332244800000,69.7,70.7,69.4,57.1,69.7,69.3,30.04,4.9,646,12,21,SSE,0.0,22,0,1332241200000,13.png,1332244800000
1332246600000,71.9,72.9,71.6,57.0,71.9,71.5,30.02,5.2,668,13,21,SSE,0.0,24,-,-,-,-
1332248400000,73.8,74.8,73.5,56.8,73.8,73.4,30.01,5.3,675,13,21,SSE,0.0,24,-,-,-,-
1332250200000,75.1,76.1,74.8,56.4,75.1,74.7,30.00,5.1,657,13,21,SSE,0.0,28,-,-,-,-
1332252000000,75.8,76.9,75.5,56.1,75.8,75.3,29.99,4.7,620,13,21,SSE,0.0,30,-,-,-,-
1332253800000,76.3,77.4,75.9,55.7,76.3,75.7,29.99,4.1,570,13,21,SSE,0.0,34,-,-,-,-
1332255600000,76.6,77.7,76.2,55.4,76.6,76.0,29.98,3.3,510,13,25,SSE,0.0,38,0,1332252000000,-,-
1332257400000,76.7,77.8,76.4,55.1,76.7,76.1,29.98,2.5,442,13,25,SSE,0.0,40,-,-,-,-
1332259200000,76.7,77.7,76.3,54.9,76.7,75.9,29.98,1.7,368,13,25,SSE,0.0,44,-,-,-,-
1332261000000,76.2,77.2,75.9,54.7,76.2,75.4,29.98,1.2,299,13,25,SSE,0.0,46,-,-,-,-
1332262800000,75.5,76.4,75.2,54.6,75.5,74.7,29.98,0.8,230,12,25,SSE,0.0,42,-,-,-,-
1332264600000,74.5,75.2,74.1,54.5,74.5,73.6,29.98,0.4,159,12,25,SSE,0.0,38,-,-,-,-
1332266400000,73.2,73.8,72.8,54.4,73.2,72.4,29.98,0.2,92,11,24,SSE,0.0,36,0,1332262800000,13.png,1332266400000
1332268200000,71.6,72.0,71.2,54.4,71.6,70.8,29.99,0.0,34,10,24,SSE,0.0,32,-,-,-,-
1332270000000,69.6,69.9,69.3,54.5,69.6,69.0,29.99,0.0,0,10,24,SSE,0.0,28,-,-,-,-
1332271800000,67.5,67.8,67.2,54.6,67.5,66.9,29.99,0.0,0,9,24,SSE,0.0,24,-,-,-,-
1332273600000,65.5,65.8,65.2,54.8,65.4,65.0,30.00,0.0,0,9,24,SSE,0.0,20,-,-,-,-
1332275400000,63.7,64.0,63.3,55.0,63.2,63.1,30.00,0.0,0,9,24,SSE,0.0,18,-,-,-,-
1332277200000,62.2,62.4,61.7,55.0,61.4,61.5,30.00,0.0,0,9,19,SSE,0.0,14,0,1332273600000,-,-
1332279000000,60.9,61.2,60.5,54.9,59.9,60.3,30.00,0.0,0,9,19,SSE,0.0,12,-,-,-,-
1332280800000,59.8,60.1,59.4,54.8,58.6,59.2,30.00,0.0,0,9,19,SSE,0.0,12,-,-,-,-
1332282600000,58.9,59.2,58.5,54.6,57.5,58.3,30.01,0.0,0,8,19,SSE,0.0,10,-,-,-,-
1332284400000,58.1,58.4,57.7,54.3,56.6,57.6,30.01,0.0,0,8,19,SSE,0.0,12,-,-,-,-
1332286200000,57.4,57.7,56.9,54.1,55.8,57.0,30.01,0.0,0,8,19,SSE,0.0,12,-,-,-,-
1332288000000,56.8,57.1,56.3,53.8,55.1,56.8,30.01,0.0,0,8,13,SSE,0.0,12,0,1332284400000,13n.png,1332288000000
1332289800000,56.3,56.6,55.8,53.5,54.5,56.3,30.02,0.0,0,8,13,SSE,0.0,14,-,-,-,-
1332291600000,55.8,56.1,55.3,53.3,53.9,55.8,30.02,0.0,0,8,13,SSE,0.0,14,-,-,-,-
1332293400000,55.4,55.7,54.9,53.0,53.5,55.4,30.02,0.0,0,8,13,SSE,0.0,16,-,-,-,-
1332295200000,55.1,55.4,54.6,52.8,53.3,55.1,30.03,0.0,0,7,13,SSE,0.0,18,-,-,-,-
1332297000000,54.9,55.1,54.4,52.6,53.1,54.9,30.03,0.0,0,7,13,SSE,0.0,22,-,-,-,-
1332298800000,54.7,54.9,54.2,52.5,52.9,54.7,30.03,0.0,0,7,11,SSE,0.0,26,0,1332295200000,-,-
1332300600000,54.6,54.8,54.1,52.3,52.9,54.6,30.03,0.0,0,7,11,SSE,0.0,30,-,-,-,-
1332302400000,54.6,54.8,54.1,52.3,52.9,54.6,30.03,0.0,0,7,11,SSE,0.0,34,-,-,-,-
1332304200000,54.6,54.8,54.2,52.2,53.0,54.6,30.03,0.0,0,6,11,SSE,0.0,34,-,-,-,-
1332306000000,54.6,54.8,54.1,52.1,52.9,54.6,30.03,0.0,0,7,11,SSE,0.0,30,-,-,-,-
1332307800000,54.6,54.7,54.1,52.0,52.8,54.6,30.04,0.0,0,7,11,SSE,0.0,26,-,-,-,-
1332309600000,54.6,54.8,54.1,51.8,52.9,54.6,30.04,0.0,0,7,9,SE,0.0,18,0,1332306000000,14.png,1332309600000
1332311400000,54.8,55.0,54.3,51.8,53.1,54.8,30.05,0.0,0,7,9,SE,0.0,18,-,-,-,-
1332313200000,54.9,55.1,54.4,51.7,53.2,54.9,30.06,0.0,3,7,9,SE,0.0,16,-,-,-,-
1332315000000,55.5,55.9,55.0,52.0,53.8,55.5,30.07,0.1,43,7,9,SE,0.0,16,-,-,-,-
1332316800000,56.8,57.3,56.3,52.8,55.2,56.8,30.08,0.2,98,7,9,SE,0.0,18,-,-,-,-
1332318600000,58.4,59.1,58.0,53.6,57.1,58.0,30.08,0.5,161,8,9,SE,0.0,22,-,-,-,-
1332320400000,60.5,61.3,60.1,54.5,59.5,59.9,30.09,0.9,227,8,12,SE,0.0,26,0,1332316800000,-,-
1332322200000,62.9,63.8,62.5,55.2,62.3,62.2,30.10,1.4,293,9,12,SE,0.0,30,-,-,-,-
1332324000000,65.5,66.5,65.1,55.9,65.4,64.9,30.10,1.9,356,9,12,SE,0.0,34,-,-,-,-
1332325800000,67.9,69.1,67.6,56.4,67.9,67.4,30.10,2.7,418,10,12,SE,0.0,38,-,-,-,-
1332327600000,70.1,71.3,69.8,56.8,70.1,69.7,30.10,3.4,476,10,12,SE,0.0,40,-,-,-,-
1332329400000,71.9,73.1,71.5,56.9,71.9,71.4,30.09,3.9,481,10,12,SE,0.0,44,-,-,-,-
1332331200000,73.4,74.7,73.1,57.3,73.4,73.1,30.08,4.4,516,11,21,SE,0.0,46,0,1332327600000,13.png,1332331200000
1332333000000,75.1,76.4,74.8,57.5,75.1,75.0,30.07,5.0,588,11,21,SE,0.0,48,-,-,-,-
1332334800000,76.5,77.7,76.2,57.4,76.5,76.4,30.06,5.2,599,11,21,SE,0.0,50,-,-,-,-
1332336600000,77.3,78.4,77.0,57.1,77.3,77.2,30.04,5.1,604,12,21,SE,0.0,50,-,-,-,-
1332338400000,78.0,79.0,77.6,56.9,78.0,77.8,30.03,4.8,598,12,21,SE,0.0,52,-,-,-,-
1332340200000,78.5,79.5,78.2,56.6,78.5,78.3,30.03,4.3,578,11,21,SE,0.0,52,-,-,-,-
1332342000000,79.0,79.9,78.7,56.3,79.0,78.8,30.02,3.6,544,11,23,SE,0.0,52,0,1332338400000,-,-
1332343800000,79.4,80.2,79.1,56.1,79.4,79.2,30.02,2.9,497,11,23,SE,0.0,50,-,-,-,-
1332345600000,79.7,80.4,79.4,55.9,79.7,79.4,30.02,2.1,437,11,23,SE,0.0,50,-,-,-,-
1332347400000,79.7,80.3,79.4,55.6,79.7,79.3,30.02,1.5,358,11,23,SE,0.0,50,-,-,-,-
1332349200000,79.2,79.9,79.0,55.5,79.2,78.8,30.02,1.0,274,10,23,SE,0.0,52,-,-,-,-
1332351000000,78.2,78.8,77.8,55.5,78.2,77.6,30.03,0.5,166,9,23,SE,0.0,56,-,-,-,-
1332352800000,76.9,77.4,76.5,55.7,76.9,76.4,30.03,0.2,98,9,23,SE,0.0,54,0.01,1332349200000,32.png,1332352800000
1332354600000,75.5,75.9,75.1,56.0,75.5,74.9,30.04,0.0,42,8,23,SE,0.0,48,-,-,-,-
1332356400000,73.5,73.8,72.9,56.0,73.5,72.9,30.05,0.0,0,7,23,SE,0.0,46,-,-,-,-
1332358200000,71.3,71.5,70.7,56.2,71.3,70.7,30.05,0.0,0,7,23,SE,0.0,44,-,-,-,-
1332360000000,69.2,69.5,68.6,56.3,69.2,68.7,30.06,0.0,0,7,23,SE,0.0,38,-,-,-,-
1332361800000,67.4,67.6,66.8,56.6,67.4,66.8,30.07,0.0,0,7,23,SE,0.0,34,-,-,-,-
1332363600000,65.8,66.0,65.2,56.8,65.8,65.1,30.07,0.0,0,7,17,SE,0.0,30,0,1332360000000,-,-
1332365400000,64.5,64.8,63.9,56.9,64.5,63.8,30.08,0.0,0,7,17,SE,0.0,28,-,-,-,-
1332367200000,63.5,63.8,62.9,56.9,63.5,62.7,30.08,0.0,0,7,17,SE,0.0,26,-,-,-,-
1332369000000,62.6,62.9,62.1,56.9,62.5,61.8,30.08,0.0,0,7,17,SE,0.0,22,-,-,-,-
1332370800000,61.9,62.2,61.4,56.8,61.6,61.0,30.08,0.0,0,7,17,SE,0.0,20,-,-,-,-
1332372600000,61.3,61.6,60.7,56.7,60.8,60.4,30.07,0.0,0,7,17,SE,0.0,18,-,-,-,-
1332374400000,60.8,61.1,60.2,56.5,60.1,59.8,30.07,0.0,0,7,12,SE,0.0,16,0,1332370800000,11n.png,1332374400000
1332376200000,60.3,60.6,59.7,56.3,59.5,59.4,30.07,0.0,0,7,12,SE,0.0,14,-,-,-,-
1332378000000,59.8,60.1,59.3,56.1,58.9,58.9,30.07,0.0,0,7,12,SE,0.0,12,-,-,-,-
1332379800000,59.5,59.8,58.9,55.8,58.5,58.6,30.07,0.0,0,7,12,SE,0.0,10,-,-,-,-
1332381600000,59.1,59.4,58.6,55.5,58.1,58.4,30.07,0.0,0,7,12,SE,0.0,10,-,-,-,-
1332383400000,58.8,59.1,58.2,55.2,57.7,58.1,30.06,0.0,0,7,12,SE,0.0,8,-,-,-,-
1332385200000,58.5,58.8,57.9,55.0,57.3,57.8,30.06,0.0,0,7,12,SE,0.0,6,0,1332381600000,-,-
1332387000000,58.2,58.5,57.7,54.7,57.0,57.6,30.06,0.0,0,7,12,SE,0.0,6,-,-,-,-
1332388800000,58.0,58.3,57.4,54.4,56.7,57.4,30.06,0.0,0,7,12,SE,0.0,4,-,-,-,-
1332390600000,57.8,58.1,57.2,54.2,56.4,57.3,30.05,0.0,0,7,12,SE,0.0,4,-,-,-,-
1332392400000,57.6,57.9,57.0,53.9,56.2,57.1,30.05,0.0,0,7,12,SE,0.0,8,-,-,-,-
1332394200000,57.4,57.7,56.8,53.7,55.9,57.0,30.05,0.0,0,7,12,SE,0.0,12,-,-,-,-
1332396000000,57.2,57.5,56.6,53.4,55.7,56.8,30.05,0.0,0,7,11,SE,0.0,14,0,1332392400000,11n.png,1332396000000
1332397800000,57.0,57.3,56.4,53.2,55.5,56.7,30.06,0.0,0,7,11,SE,0.0,18,-,-,-,-
1332399600000,56.9,57.2,56.3,53.0,55.3,56.9,30.06,0.0,6,8,11,SE,0.0,20,-,-,-,-
1332401400000,57.3,57.7,56.7,53.2,55.6,56.9,30.07,0.1,53,8,11,SE,0.0,28,-,-,-,-
1332403200000,58.5,59.1,58.0,53.9,56.9,58.0,30.07,0.2,106,9,11,SE,0.0,32,-,-,-,-
1332405000000,60.0,60.8,59.6,54.8,58.6,59.3,30.08,0.5,145,9,11,SE,0.0,36,-,-,-,-
1332406800000,61.8,62.7,61.4,55.8,60.7,61.1,30.08,0.7,181,10,17,SE,0.0,42,0,1332403200000,-,-
1332408600000,63.7,64.7,63.3,56.5,62.9,63.0,30.08,1.0,214,11,17,SE,0.0,46,-,-,-,-
1332410400000,65.4,66.6,65.1,57.0,64.9,64.8,30.09,1.3,224,11,17,SE,0.0,50,-,-,-,-
1332412200000,67.0,68.2,66.6,57.4,66.8,66.4,30.09,1.8,245,12,17,SE,0.0,54,-,-,-,-
1332414000000,68.5,69.8,68.1,57.7,68.5,68.0,30.09,2.2,269,12,17,SE,0.0,54,-,-,-,-
1332415800000,69.3,70.7,69.0,57.9,69.3,68.9,30.09,2.5,262,12,17,SE,0.0,54,-,-,-,-
1332417600000,69.5,71.0,69.2,58.5,69.5,69.2,30.09,2.7,272,13,24,SE,0.0,50,0.01,1332414000000,33.png,1332417600000
1332419400000,70.0,71.5,69.7,58.9,70.0,69.8,30.09,3.1,303,13,24,SE,0.0,50,-,-,-,-
1332421200000,70.9,72.4,70.6,58.9,70.9,70.7,30.08,3.1,301,13,24,SE,0.0,52,-,-,-,-
1332423000000,71.6,73.1,71.2,58.8,71.6,71.4,30.07,2.9,276,13,24,SE,0.0,54,-,-,-,-
1332424800000,72.1,73.6,71.7,58.6,72.1,71.9,30.07,2.5,240,13,24,SE,0.0,60,-,-,-,-
1332426600000,71.0,72.4,70.6,59.0,71.0,70.8,30.06,1.8,175,12,24,SE,0.0,62,-,-,-,-
1332428400000,68.1,69.6,67.8,60.2,68.1,67.6,30.06,1.4,144,11,25,SE,0.0,58,0.04,1332424800000,-,-
1332430200000,66.9,68.3,66.6,60.8,66.9,66.1,30.07,1.1,129,10,25,SE,0.0,54,-,-,-,-
1332432000000,67.2,68.5,66.8,60.7,67.2,66.4,30.07,0.7,96,10,25,SE,0.0,56,-,-,-,-
1332433800000,67.2,68.4,66.9,60.7,67.2,66.5,30.07,0.5,83,9,25,SE,0.0,58,-,-,-,-
1332435600000,67.2,68.2,66.8,60.6,67.2,66.5,30.08,0.4,72,8,25,SE,0.0,56,-,-,-,-
1332437400000,66.3,67.1,66.0,60.8,66.3,65.4,30.08,0.2,49,7,25,SE,0.0,52,-,-,-,-
1332439200000,64.4,65.0,64.1,61.0,64.4,62.9,30.08,0.1,32,7,21,S,0.0,60,0.05,1332435600000,33.png,1332439200000
1332441000000,63.2,63.7,62.9,60.9,63.2,61.5,30.09,0.0,14,6,21,S,0.0,40,-,-,-,-
1332442800000,62.9,63.0,62.5,60.5,62.9,61.2,30.09,0.0,0,5,21,S,0.0,36,-,-,-,-
1332444600000,62.5,62.6,62.1,60.2,62.5,60.8,30.09,0.0,0,4,21,S,0.0,32,-,-,-,-
1332446400000,62.2,62.3,61.7,59.8,62.2,60.5,30.10,0.0,0,4,21,S,0.0,28,-,-,-,-
1332448200000,61.0,61.1,60.6,59.7,61.0,59.2,30.10,0.0,0,4,21,S,0.0,22,-,-,-,-
1332450000000,60.0,60.0,59.6,59.9,60.0,58.0,30.10,0.0,0,4,15,S,0.0,20,0.14,1332446400000,-,-
1332451800000,60.0,60.0,59.6,59.9,60.0,58.0,30.10,0.0,0,4,15,S,0.0,18,-,-,-,-
1332453600000,59.9,60.0,59.5,59.7,59.9,58.0,30.10,0.0,0,4,15,S,0.0,12,-,-,-,-
1332455400000,59.8,59.9,59.4,59.5,59.8,58.0,30.10,0.0,0,4,15,S,0.0,8,-,-,-,-
1332457200000,59.7,59.8,59.3,59.2,59.7,57.9,30.09,0.0,0,4,15,S,0.0,4,-,-,-,-
1332459000000,59.3,59.4,59.0,58.9,59.3,57.7,30.09,0.0,0,4,15,S,0.0,0,-,-,-,-
